390.339
393.282
399.105
391.337
375.798
366.155
335.983
304.954
279.73
265.875
263.728
289.726
310.006
357.445
402.052
445.833
475.144
480.029
480.016
481.936
484.848
482.052
484.974
487.007
485.99
488.892
485.998
485.987
482.103
470.377
459.655
438.256
425.584
421.44
423.251
423.248
433.148
444.939
450.691
454.686
455.72
450.098
444.412
441.654
430.141
421.451
431.127
465.778
469.631
461.976
457.244
458.266
457.314
457.32
456.284
454.364
454.43
455.426
455.405
452.552
452.48
451.538
446.595
444.549
428.133
411.992
392.771
366.828
351.356
357.211
359.048
361.953
364.816
366.737
370.52
373.253
377.075
379.985
376.987
381.728
383.626
386.524
395.204
394.214
399.988
397.102
393.199
384.492
364.213
337.894
305.889
278.664
262.114
257.2
266.849
293.897
330.83
380.243
427.813
458.859
463.77
470.41
467.617
470.581
473.5
470.65
474.525
473.576
473.569
472.564
467.62
466.692
459.845
451.979
436.43
419.841
412.016
415.83
429.363
438.094
445.023
450.864
456.686
451.985
451.153
448.304
444.595
430.19
433.158
469.756
470.753
460.191
461.198
456.412
459.326
460.218
454.449
459.302
455.449
454.436
455.455
457.356
452.518
449.55
444.574
439.639
424.383
406.091
376.386
350.385
345.564
349.492
357.149
358.065
363.801
369.54
369.425
365.57
371.3
375.068
372.169
373.046
374.023
383.697
391.422
395.195
393.254
387.346
367.021
341.768
305.812
274.703
250.372
244.392
248.204
271.305
306.037
363.194
420.398
470.045
485.75
491.534
490.61
492.533
489.65
486.749
494.558
492.51
493.56
490.656
489.638
479.011
474.12
455.557
439.079
420.478
409.654
411.455
414.322
420.134
432.692
440.616
440.684
444.636
439.964
425.643
401.749
385.407
405.649
443.26
442.291
435.603
434.666
433.684
430.76
430.847
429.838
428.871
428.899
427.923
424.013
425.998
423.075
427.009
431.853
428.826
431.755
423.052
417.403
397.32
375.276
355.001
352.155
358.952
361.745
363.654
367.449
369.373
369.293
372.032
372.934
374.824
373.803
376.722
377.715
382.506
388.392
395.152
394.159
392.214
376.664
351.503
327.215
298.183
272.878
269.852
266.831
282.176
311.98
358.433
410.703
460.246
484.595
490.511
494.37
487.564
487.641
491.536
494.454
493.543
489.602
487.739
488.625
483.808
473.108
468.199
443.962
428.351
420.321
420.106
421.13
426.979
430.853
441.543
440.6
445.523
447.616
435.215
414.102
390.083
379.6
425.733
446.073
445.178
438.516
439.468
434.726
437.582
436.633
435.692
433.72
432.812
434.714
431.864
428.926
433.83
433.797
433.633
427.713
426.773
414.361
401.006
378.021
355.945
358.873
360.76
362.684
362.635
363.49
364.38
368.255
368.131
371.006
370.025
368.94
367.045
376.738
384.328
387.204
391.188
392.129
389.306
376.699
349.505
318.508
293.282
267.094
259.095
255.971
278.97
317.566
367.877
420.326
446.626
486.469
492.352
495.277
494.322
497.196
491.496
492.536
494.555
497.475
498.465
490.63
488.791
482.015
467.42
451.852
429.444
414.794
402.905
409.586
416.335
420.302
429.065
433.011
440.843
439.031
431.451
428.657
408.631
394.229
427.75
444.139
438.471
436.606
433.755
432.786
433.689
429.841
429.881
427.998
425.047
426.106
422.264
422.268
427.027
427.865
424.866
424.878
414.391
399.147
377.135
354.021
341.576
345.401
346.363
355.022
356.847
356.793
356.796
360.605
365.297
367.247
368.083
369.096
369.126
371.038
379.628
383.554
388.382
388.402
383.576
368.027
339.919
317.588
291.359
280.605
269.675
277.284
304.181
345.785
391.27
422.342
463.191
479.832
489.511
488.562
490.498
491.432
489.616
494.537
494.579
491.625
490.693
492.652
487.826
481.025
469.331
447.936
423.712
406.106
399.136
397.192
404.814
407.845
420.56
428.294
433.23
432.437
427.723
422.092
408.654
390.456
408.777
434.754
432.808
431.979
423.236
424.295
420.388
421.327
419.435
413.72
420.469
417.647
414.75
411.731
415.717
418.446
418.355
419.26
414.46
403.964
385.876
364.748
355.063
356.983
356.965
360.829
361.783
363.589
366.362
367.401
364.395
368.23
370.088
369.043
367.108
375.742
386.383
386.406
393.214
389.308
379.687
362.25
334.094
304.032
281.67
259.31
