287.054
261.538
265.01
278.551
313.382
348.374
390.113
424.843
449.011
457.774
457.728
461.62
463.51
463.449
467.257
461.415
459.497
459.528
462.447
452.766
443.969
442.052
434.257
434.245
427.411
421.572
417.736
408.988
408.003
396.478
390.675
376.286
372.723
364.219
359.366
372.842
406.268
441.979
478.664
501.764
510.337
513.199
511.105
510.094
508.159
502.327
500.286
498.426
501.428
507.389
509.348
516.156
515.173
518.084
517.173
521.008
520.973
520.954
519.072
520.971
522.877
520.927
525.799
523.853
527.814
531.632
527.781
521.98
524.781
516.099
518.159
524.934
534.654
536.663
533.039
523.632
519.888
515.051
517.781
516.794
517.778
517.742
524.4
532.006
530.998
532.842
537.664
541.531
544.374
542.32
545.289
544.175
543.324
541.382
543.236
540.35
545.202
545.433
538.834
537.148
524.906
504.891
469.309
418.139
387.197
340.672
305.776
290.202
295.639
310.854
333.959
359.105
388.957
418.866
447.85
468.131
474.894
469.062
470.891
471.853
468.942
471.695
465.933
464.982
468.961
470.919
469.91
466.083
462.121
456.367
457.286
449.454
444.59
432.985
429.115
414.636
409.755
387.595
376.231
362.95
358.149
372.536
388.748
430.159
464.911
495.84
498.675
498.673
499.663
503.455
500.596
510.27
517.079
517.008
521.977
520.987
526.883
531.744
534.699
535.649
531.778
534.675
535.681
539.519
540.354
537.506
541.354
542.268
543.202
541.266
543.18
536.421
541.3
537.439
533.526
531.679
531.728
539.531
534.915
535.199
520.842
512.227
509.33
503.608
507.422
510.286
507.308
513.028
516.881
523.633
529.322
532.17
532.182
533.116
534.072
535.039
535.03
535.882
533.074
532.083
534.001
531.07
529.263
526.398
517.045
502.644
481.54
431.495
374.44
306.724
247.532
204.632
182.175
171.25
171.003
197.913
238.349
284.626
334.126
367.147
403.197
436.227
455.66
462.448
459.568
455.597
457.499
461.485
462.381
463.336
464.323
461.439
458.545
456.607
447.891
452.652
448.795
443.968
440.104
432.319
426.471
416.783
404.274
392.732
388.099
372.781
357.376
363.058
378.271
405.112
434.103
462.135
487.287
486.212
487.068
492.837
497.607
499.552
509.227
512.088
516.038
514.222
520.049
521.999
523.926
525.81
524.861
524.79
525.766
532.559
530.528
529.52
527.593
532.389
527.423
527.507
524.541
516.795
517.769
515.955
513.021
520.863
528.725
536.843
530.467
521.09
510.555
510.683
508.652
511.533
512.436
517.162
521.966
522.832
532.447
537.237
535.219
535.192
536.15
534.174
538.021
540.995
538.955
536.996
538.027
537.075
532.305
528.613
522.854
507.613
470.171
414.212
335.844
235.186
175.992
102.157
57.259
48.279
72.314
126.454
169.959
257.047
340.254
405.155
448.851
467.214
465.227
467.044
470.9
472.829
474.814
474.858
470.005
470.081
469.073
465.27
467.164
461.315
455.449
451.574
438.003
429.388
422.667
413.976
402.413
388.007
375.497
363.067
360.922
387.614
427.325
460.29
482.546
494.963
497.811
503.471
507.34
513.139
515.075
517.086
527.746
528.714
527.898
534.647
537.504
534.627
541.252
535.464
543.175
543.163
544.002
545.026
545.94
542.969
539.026
535.292
532.452
534.423
534.305
538.188
548.936
549.105
553.966
545.459
541.796
537.157
528.667
526.749
526.809
525.805
524.759
526.647
532.428
535.296
538.134
543.871
543.819
544.659
545.478
547.398
545.426
548.406
546.428
546.504
548.348
545.464
546.493
545.52
542.675
539.858
532.351
525.759
491.134
437.247
377.304
338.567
279.439
231.861
200.743
195.596
217.643
253.166
286.74
349.237
406.621
450.357
460.182
462.134
466.02
466.958
467.003
471.812
475.686
468.895
472.803
476.673
469.765
471.707
471.727
468.797
466.755
461.946
458.962
456.117
452.212
438.659
437.609
427.98
420.301
411.657
397.207
387.606
381.103
375.337
368.561
386.681
427.202
461.046
492.92
505.36
514.988
512.049
514.863
515.823
522.7
523.671
520.796
523.788
527.632
528.685
530.728
534.594
533.619
532.641
534.546
537.457
536.428
536.426
537.3
536.281
534.324
532.361
536.285
530.5
520.924
516.98
512.156
508.398
518.995
535.391
539.539
537.769
524.394
515.759
516.795
515.805
514.849
510.858
515.72
524.29
526.21
