499.904
497.816
485.195
482.43
467.318
447.357
413.913
392.648
394.443
393.49
395.482
395.518
396.587
394.563
392.672
390.888
390.918
392.74
393.594
400.288
400.394
407.26
412.128
413.958
400.315
380.589
351.292
319.91
307.079
294.236
295.934
306.323
337.075
371.925
416.553
440.839
473.956
493.559
496.456
500.445
503.579
504.58
504.667
503.609
504.624
502.631
499.732
498.681
489.755
489.682
479.874
468.047
450.384
432.988
438.659
456.099
465.886
486.46
492.594
502.531
506.6
500.959
494.431
498.342
496.572
497.623
494.72
489.937
491.906
497.594
495.659
498.515
496.458
496.456
498.302
500.133
498.178
502.94
501.909
503.736
504.627
503.382
496.622
490.716
484.065
477.613
460.694
428.254
394.588
395.368
393.522
393.506
396.49
395.567
396.572
394.67
389.905
385.02
386.024
384.968
396.492
402.476
413.251
415.989
408.302
390.807
370.328
340.014
312.704
288.296
281.385
278.168
293.329
327.998
363.571
404.049
446.697
471.04
493.648
499.5
506.349
507.315
504.611
507.541
508.532
508.428
502.566
500.538
500.413
496.503
488.557
475.928
458.202
433.916
430.011
439.477
455.913
471.546
485.501
491.441
500.347
499.572
499.862
499.92
500.075
504.045
498.288
495.505
495.465
494.617
494.584
494.573
492.556
494.472
501.162
499.141
498.075
502.852
502.826
501.731
498.637
494.575
485.837
478.138
467.661
462.41
439.644
414.883
388.153
374.591
377.248
381.088
384.901
383.962
388.738
389.649
384.921
382.971
380.091
381.915
384.881
381.246
376.703
375.946
370.289
366.459
354.772
340.154
327.445
314.477
303.395
297.368
305.6
321.503
352.796
392.155
429.792
463.021
483.556
495.317
498.377
499.413
499.581
502.533
502.662
502.667
499.693
501.513
498.577
494.542
489.529
476.622
468.729
447.189
427.779
422.861
437.276
456.798
472.559
477.689
494.317
501.196
502.34
502.618
507.625
499.974
501.032
498.305
493.549
495.545
494.741
494.712
488.034
490.955
488.076
489.069
490.051
489.041
490.936
489.967
495.704
494.704
500.31
502.045
504.837
495.987
493.033
490.319
474.164
443.796
410.297
373.563
373.412
377.24
381.073
390.692
392.633
395.411
394.495
392.612
392.54
392.433
400.992
400.949
398.408
393.949
388.271
388.414
386.468
384.563
375.713
360.979
352.749
347.717
339.588
347.875
363.006
385.874
417.643
453.391
472.919
486.706
495.454
499.411
507.321
506.441
508.34
506.443
503.45
500.532
499.379
489.462
475.738
464.955
443.51
425.068
419.189
439.378
452.981
474.543
485.382
491.28
498.12
500.247
503.416
502.614
503.737
499.034
498.079
496.332
498.293
496.339
495.406
495.425
493.492
497.33
504.032
500.998
506.752
502.744
504.705
501.669
501.693
497.713
501.387
497.463
494.43
490.59
481.076
478.571
466.6
443.878
401.706
383.268
387.839
391.697
390.747
393.504
395.47
399.385
398.434
393.648
392.626
391.625
393.52
404.112
404.183
406.268
408.258
400.746
390.146
371.675
345.408
324.861
306.117
300.098
302.642
315.695
338.469
378.794
421.241
455.138
475.574
488.54
496.252
496.386
498.402
499.492
499.558
498.612
501.542
498.613
494.598
494.628
487.721
487.558
472.874
454.145
434.675
435.49
449.967
473.438
477.635
485.598
494.552
493.833
499.819
496.196
492.504
491.603
493.615
490.74
484.93
485.991
486.949
489.807
485.878
492.554
488.663
492.55
492.509
491.523
492.516
492.431
492.465
493.34
491.334
495.06
497.957
492.152
488.297
476.994
457.891
428.352
401.497
386.792
391.668
386.866
387.848
392.726
389.793
389.762
385.955
383.036
383.045
385.832
391.643
393.694
397.886
399.015
396.197
389.567
373.045
358.492
337.917
318.162
304.102
303.834
307.303
330.054
363.479
401.885
436.793
460.064
484.639
493.443
499.26
501.341
502.42
504.444
501.572
501.518
498.661
497.69
497.543
487.643
479.719
464.107
441.626
433.822
441.457
464.679
480.504
494.39
495.429
500.434
504.52
498.976
499.142
497.429
495.505
495.591
492.731
490.843
494.715
492.705
495.638
495.586
493.659
494.582
497.402
497.329
495.386
497.328
501.2
500.194
499.24
500.207
494.358
500.065
497.82
501.633
497.639
492.88
493.148
481.924
450.571
403.602
379.557
383.261
381.375
