19.457
7.4
3.329
14.304
43.214
68.431
101.153
96.717
81.31
84.083
89.927
95.559
106.226
97.426
101.355
115.986
118.035
106.404
95.648
90.557
106.544
124.237
136.021
142.081
150.688
128.385
113.151
79.733
58.683
35.756
14.135
-12.837
-37.412
-41.258
-36.099
-32.261
-21.865
-2.518
-8.704
-1.352
18.503
18.836
26.711
17.036
22.784
17.803
19.566
14.357
-3.678
-7.907
-15.444
-30.854
-50.138
-44.85
-61.924
-67.666
-62.976
-47.978
-20.112
0.112
13.504
24.709
46.347
49.427
65.072
72.05
70.252
75.124
78.12
67.368
67.349
63.407
51.652
52.515
44.638
34.861
33.764
26.044
20.145
10.326
5.2
-18.606
-15.026
-22.224
-11.437
14.451
52.49
85.567
95.031
76.508
85.27
85.119
94.727
99.55
103.443
105.495
111.424
105.638
107.762
99.856
95.633
122.938
148.975
145.66
161.054
168.91
166.275
145.271
132.321
117.631
106.54
77.084
45.131
27.219
-0.976
-24.96
-28.17
-19.391
7.147
6.772
9.341
6.696
22.655
23.826
26.705
16.026
12.776
5.703
-3.424
-2.965
-18.229
-18.847
-44.022
-48.745
-50.876
-80.08
-92.347
-83.675
-53.187
-42.149
-28.71
-13.66
11.129
14.322
29.015
37.941
40.107
50.024
46.119
57.825
53.985
52.992
45.142
44.988
37.222
30.213
21.337
17.285
14.394
3.468
-11.598
-25.81
-24.428
-19.714
-3.27
48.647
86.22
114.388
142.214
133.107
107.893
106.766
104.495
108.283
101.577
95.761
104.689
101.887
102.074
88.695
96.383
123.249
156.837
185.263
212.154
224.824
229.242
232.488
231.093
204.325
169.185
153.789
107.941
54.466
-13.809
-53.336
-73.227
-50.318
-36.571
-25.326
-16.733
-14.307
-0.37
1.018
12.819
13.747
7.742
-1.257
-2.493
-14.678
-26.979
-52.279
-63.509
-81.148
-81.919
-91.546
-111.706
-103.686
-80.58
-53.953
-41.495
-36.877
-23.729
-0.816
13.19
20.126
27.169
42.027
48.042
53.045
68.699
64.017
72.775
73.86
76.702
78.717
80.625
76.689
72.803
72.772
66.896
65.7
48
33.78
27.465
18.082
13.156
28.144
47.509
95.124
121.158
115.794
98.491
96.372
94.295
91.218
93.934
82.204
87.092
91.97
83.362
73.524
59.866
58.571
98.111
139.552
154.792
178.18
190.372
206.492
205.911
195.716
158.36
145.001
112.132
72.973
38.086
-0.263
-23.469
-37.662
-27.829
-7.762
-9.037
-4.641
8.509
14.626
9.899
13.763
5.817
6.522
-7.597
-25.857
-37.402
-46.782
-56.461
-58.107
-67.678
-88.947
-92.656
-72.168
-53.446
-49.851
-49.138
-34.945
-12.997
0.91
12.979
25.661
24.897
42.526
44.551
41.706
44.674
45.731
46.618
44.585
38.696
26.845
23.773
10.079
13.873
1.116
3.985
-5.912
-21.839
-23.279
-33.361
-26.948
-11.422
24.061
75.524
112.643
142.433
127.625
100.467
99.512
103.192
90.383
94.221
99.091
100.118
104.083
97.386
93.536
89.65
88.394
100.52
123.99
135.983
170.665
188.577
192.821
191.164
179.942
152.514
135.435
103.856
55.251
7.193
-31.462
-53.334
-60.577
-56.582
-21.034
-30.904
-22.577
-17.38
-8.266
-2.354
-0.401
2.54
2.253
-10.621
-5.055
-14.333
-27.343
-37.948
-65.225
-70.979
-90.042
-106.082
-93.753
-69.444
-50.49
-31.312
-13.091
0.148
20.973
36.728
42.63
49.552
51.552
49.683
58.517
57.555
52.751
46.866
38.087
36.086
38.043
33.254
31.303
33.319
24.581
28.421
19.628
15.402
4.372
8.759
12.219
14.08
41.561
57.812
93.549
108.732
84.729
89.544
93.359
96.152
100.989
98.026
93.323
99.175
96.342
96.428
85.669
89.307
107.168
147.271
171.725
187.468
212.537
218.698
229.603
218.122
188.506
145.57
122.744
85.479
37.205
-10.663
-48.301
-49.839
-51.749
-21.373
-15.075
-21.06
-9.951
-1.83
6.085
8.991
3.188
8.877
11.478
-0.496
-17.721
-30.137
-36.846
-53.352
-56.685
-73.459
-84.646
-59.167
-29.348
-25.132
-14.664
1.533
22.468
35.499
55.221
53.541
61.416
64.43
69.265
69.324
62.423
65.386
60.488
61.419
57.48
50.561
43.7
43.595
44.563
44.623
40.73
39.965
39.09
35.085
28.044
3.042
1.655
-6.624
2.002
23.944
52.179
96.096
127.111
135.268
117.873
125.363
