299.047
267.151
227.276
224.732
218.06
224.375
225.233
203.502
190.361
190.985
183.498
182.867
178.053
172.185
164.585
161.53
164.315
168.134
170.967
174.325
168.976
174.416
171.169
172.809
169.506
168.242
173.813
172.456
173.158
184.415
187.012
201.261
232.334
254.45
253.367
247.566
201.467
185.16
167.158
149.52
133.359
128.598
114.728
112.54
115.153
113.953
104.118
110.981
118.129
131.131
129.618
129.144
125.467
124.697
130.513
127.573
124.596
123.539
130.186
125.459
121.68
118.878
120.134
115.606
123.561
118.701
120.605
124.109
117.88
123.319
136.865
132.551
126.928
125.889
138.775
156.221
161.792
157.344
138.105
134.385
136.315
132.453
122.616
111.732
109.565
102.55
103.331
107.749
104.562
94.597
102.306
87.691
100.238
99.27
91.479
92.486
94.432
118.66
137.86
170.161
213.749
257.823
296.503
321.656
331.193
329.899
327.143
320.801
283.878
255.96
238.365
232.375
211.093
194.751
179.693
165.458
161.036
160.721
150.038
148.235
149.005
135.269
140.908
141.934
151.832
152.951
149.015
155.558
148.465
156.823
153.725
147.48
148.058
151.505
154.984
162.2
160.858
176.477
202.491
232.176
237.76
225.258
200.284
175.102
157.987
147.436
139.784
138.878
140.872
131.352
134.387
131.828
131.376
121.883
131.121
126.494
130.952
129.467
131.761
127.196
125.389
122.721
124.866
119.316
104.849
109.739
106.929
102.02
99.073
99.917
99.742
103.322
110.813
115.263
113.046
124.44
127.547
125.594
137.348
155.924
166.073
166.873
162.486
171.146
162.726
157.987
150.191
142.395
143.145
144.786
136.687
135.313
141.591
141.277
145.58
148.222
149.02
137.358
147.038
144.159
141.373
137.548
148.446
152.301
195.788
223.112
252.807
293.568
310.855
324.326
316.761
290.263
273.11
247.397
222.133
202.203
178.694
155.608
162.022
167.973
181.331
182.968
180.438
178.022
180.842
171.915
168.094
177.171
167.688
166.705
168.656
170.57
174.144
175.851
176.565
171.477
174.201
176.894
178.669
177.277
176.811
179.219
191.2
200.537
222.69
241.698
251.946
242.898
216.728
186.442
179.368
167.969
162.044
152.196
139.692
135.002
125.6
123.957
119.65
113.12
118.335
127.378
126.765
126.051
123.351
116.725
117.772
109.164
109.26
110.404
100.655
96.741
98.556
96.446
84.597
96.852
93.566
98.712
103.187
117.537
115.438
120.022
123.916
146.99
174.496
196.623
200.187
209.335
196.069
188.848
182.083
173.133
174.626
167.495
165.259
161.336
156.118
155.859
158.414
156.238
156.945
165.581
155.746
152.858
158.757
158.899
163.9
184.941
198.52
237.635
281.41
314.024
330.823
339.983
327.995
304.064
267.255
239.9
224.602
218.614
211.703
205.69
192.477
183.335
182.659
172.978
168.062
155.502
150.125
148.331
153.226
157.174
156.091
164.743
160.828
168.471
166.333
164.097
161.689
164.24
164.734
177.853
186.201
191.554
198.927
213.888
223.215
242.1
225.102
183.705
181.006
179.385
174.359
155.345
149.569
132.388
130.656
128.016
126.287
130.556
126.431
122.924
134.931
130.38
123.806
124.9
109.475
110.454
106.733
104.856
90.431
95.381
91.356
88.912
84.646
101.76
110.254
115.904
104.21
102.608
105.495
112.398
106.512
120.667
137.587
153.526
170.485
167.985
172.084
166.444
157.761
152.926
153.63
153.335
150.105
148.63
147.249
138.996
127.894
128.647
126.514
134.33
129.5
137.267
126.736
127.765
132.758
130.936
134.101
140.178
171.386
205.625
243.322
290.475
309.632
315.037
315.131
304.205
292.685
262.368
240.385
209.946
176.706
127.826
144.52
147.748
158.09
158.282
159.355
153.798
153.345
146.963
145.274
144.151
148.957
149.879
137.063
138.031
141.742
140.57
131.598
135.348
128.372
135.938
135.556
137.106
131.898
138.405
147.715
157.921
168.05
177.47
205.516
211.112
211.887
185.788
168.385
157.992
143.718
125.804
118.412
115.385
105.769
103.945
112.058
109.457
110.572
116.749
113.011
119.126
126.351
122.829
120.101
116.467
111.804
111.034
104.272
104.25
96.32
92.298
91.179
90.016
100.259
107.43
121.489
119.855
124.339
137.699
127.684
108.88
118.625
122.835
125.205
124.926
133.522
131.528
132.511
122.506
128.076
118.042
119.679
