72.858
82.962
94.648
103.979
110.301
122.828
117.272
119.818
121.537
95.537
76.748
64.381
58.948
57.102
59.412
74.529
95.178
96.563
93.801
89.267
87.634
94.79
94.128
102.13
95.475
96.388
98.194
99.855
103.205
97.569
96.688
90.095
82.896
53.818
37.678
32.37
49.595
60.258
52.763
62.811
65.215
77.478
82.081
92.236
97.452
94.886
85.314
67.229
68.863
76.641
86.41
92.223
93.25
95.062
89.119
90.999
97.795
100.717
98.754
104.486
99.395
105.793
100.331
92.2
89.688
110.066
114.624
121.359
117.756
125.343
118.263
121.83
119.723
118.727
111.775
95.212
92.143
94.89
86.901
78.102
75.122
75.992
74.933
75.593
77.117
87.811
91.851
104.971
121.86
114.421
116.872
111.776
106.222
100.155
99.128
93.718
108.035
108.343
116.55
117.693
122.853
105.81
113.872
116.252
113.799
116.036
116.117
117.165
117.1
114.092
105.091
113.388
111.726
103.387
102.568
90.477
80.779
70.59
62.696
56.848
66.342
68.513
66.088
74.39
81.845
81.45
95.285
101.443
98.58
78.874
83.565
91.271
94.301
99.152
99.288
91.53
96.22
99.935
102.702
100.492
106.284
105.094
107.679
106.141
96.838
84.407
96.964
96.763
112.414
115.956
116.06
126.346
122.107
118.103
113.974
108.119
97.332
100.077
93.252
83.516
84.394
73.853
75.718
78.445
81.023
81.018
94.138
93.974
107.778
110.986
105.567
99.419
90.747
76.689
71.764
60.297
47.39
48.701
51.328
68.853
85.249
79.826
81.995
80.137
79.418
76.758
82.788
71.119
79.844
80.679
78.426
84.622
84.942
74.213
74.635
54.737
36.165
18.169
9.049
3.022
-7.6
7.448
12.496
15.964
29.833
44.729
69.304
71.905
48.5
33.636
35.374
43.161
45.201
42.409
40.417
49.176
45.24
46.116
49.913
49.817
45.874
51.654
50.547
58.243
62.757
56.256
63.577
62.65
74.654
89.019
100.474
98.916
102.944
109.418
99.587
98.484
91.639
91.55
84.624
69.874
64.857
60.927
55.999
57.947
59.963
56.041
68.33
75.322
81.224
93.439
99.653
111.662
113.088
121.522
112.776
103.644
94.554
81.976
61.103
57.305
51.04
59.632
68.476
76.645
73.058
67.382
74.286
75.446
75.625
80.556
73.679
82.269
76.216
81.649
80.1
76.73
76.883
66.657
36.506
9.796
10.345
9.064
4.743
1.783
2.896
8.164
21.149
35.913
50.549
63.366
62.14
23.585
29.285
37.02
46.814
45.788
54.586
49.76
51.693
55.459
52.441
59.163
57.111
61.98
58.974
67.587
68.148
57.77
50.443
52.462
62.717
71.452
84.903
96.056
98.976
96.772
97.568
93.577
82.82
75.926
76.891
66.018
64.902
64.764
53.061
56.947
58.983
46.178
46.832
65.575
69.727
90.713
102.63
104.869
113.003
113.815
115.568
91.868
72.983
49.974
36.176
30.539
41.835
52.618
59.11
63.438
63.682
62.918
59.149
67.139
73.125
80.112
81.198
84.94
77.788
91.016
95.308
89.967
87.206
76.677
63.763
32.798
19.66
13.34
16.959
16.698
21.871
28.116
36.318
46.576
53.754
79.23
78.376
34.068
31.035
45.498
51.434
56.303
56.272
49.507
52.317
56.222
61.985
57.081
65.893
68.768
71.443
68.103
59.828
53.586
54.579
64.766
79.2
92.726
96.145
107.846
103.935
105.649
103.512
94.556
89.637
91.427
86.481
72.807
75.609
63.795
69.522
72.456
70.49
60.651
70.915
74.393
87.791
101.94
109.039
116.188
118.733
116.558
110.09
85.219
73.471
53.412
49.459
43.882
48.801
60.07
73.542
70.163
70.326
69.482
64.766
74.693
80.825
83.867
78.941
82.793
86.566
91.028
90.682
87.117
83.199
84.366
66.505
46.05
40.659
25.524
32.953
40.562
37.94
44.222
57.33
66.387
78.564
84.731
94.239
76.23
61.016
60.889
74.536
68.821
77.632
74.596
71.693
76.485
86.094
84.175
93.726
94.626
84.673
99.036
86.832
83.315
80.089
82.156
88.74
107.223
112.905
106.554
107.306
108.018
109.761
109.641
97.858
85.2
93.818
83.11
81.055
74.17
66.372
66.354
60.462
63.198
67.815
77.914
85.449
103.478
114.527
115.937
120.24
114.565
110.659
