10.906
-7.017
-10.076
4.871
46.669
99.162
145.909
174.204
178.77
172.945
173.079
164.378
163.637
161.476
164.501
168.744
173.693
173.439
169.279
155.451
132.27
95.413
55.477
-22.837
-110.935
-189.924
-252.106
-301.947
-326.957
-349.068
-362.293
-357.966
-341.776
-311.387
-272.933
-241.415
-180.314
-147.481
-121.135
-97.427
-78.347
-63.628
-58.549
-56.805
-60.598
-65.616
-72.448
-88.256
-110.25
-126.034
-155.642
-189.352
-220.217
-236.808
-221.484
-181.368
-148.881
-93.588
-64.518
-31.686
1.962
28.677
44.834
50.795
57.022
65.025
72.824
75.864
78.877
72.766
72.762
68.757
64.57
59.685
53.63
49.495
44.563
44.402
41.326
35.228
22.368
-0.718
-11.44
-27.303
-19.233
13.69
74.319
136.767
184.958
180.626
182.778
175.91
170.246
169.37
169.459
175.384
182.37
186.154
194.049
187.987
167.324
126.755
70.477
6.666
-40.08
-116.434
-183.221
-242.591
-290.007
-329.611
-345.563
-359.952
-363.572
-355.07
-329.143
-290.364
-234.448
-198.898
-149.228
-124.707
-99.139
-87.427
-66.485
-58.607
-60.503
-60.74
-73.573
-85.502
-103.357
-124.93
-153.724
-176.32
-210.259
-237.873
-244.793
-209.137
-156.419
-121.87
-65.267
-51.28
-17.62
5.267
29.354
42.174
48.384
55.455
68.24
79.241
78.174
81.374
83.25
82.247
79.127
71.282
68.182
59.196
53.113
43.226
44.143
33.111
11.195
-15.607
-37.169
-40.023
-37.718
-13.041
28.933
85.403
127.152
160.264
159.71
150.867
134.154
130.313
132.136
132.008
142.984
148.802
158.606
167.139
162.413
150.253
135.298
104.546
50.214
10.28
-48.486
-115.13
-173.046
-237.411
-286.267
-321.925
-336.655
-348.595
-334.354
-295.922
-246.271
-189.794
-147.277
-126.409
-89.928
-68.297
-52.297
-34.608
-27.481
-29.422
-36.426
-49.37
-60.191
-83.025
-110.767
-152.544
-174.384
-216.99
-243.526
-237.866
-190.23
-142.94
-113.954
-96.681
-66.95
-36.432
-12.602
14.385
31.377
41.322
52.268
67.302
78.213
84.212
90.441
98.183
102.286
106.239
104.334
107.323
105.406
103.355
102.293
101.309
96.287
86.452
73.323
43.591
19.921
-5.804
-7.88
13.04
62.469
123.282
174.784
211.853
219.314
209.468
201.585
189.769
180.027
174.869
176.937
179.002
184.695
178.593
171.443
156.704
146.789
135.932
125.471
85.783
23.287
-37.16
-103.877
-163.954
-226.583
-258.271
-293.341
-312.825
-317.49
-306.525
-272.65
-227.779
-186.332
-162.322
-135.854
-114.173
-93.271
-79.408
-74.605
-74.524
-81.571
-92.349
-116.2
-148.008
-181.636
-206.383
-239.986
-262.616
-254.015
-215.218
-169.181
-129.454
-121.17
-92.639
-63.189
-36.391
-10.4
4.617
23.519
28.694
38.482
46.715
49.706
53.561
56.567
60.513
57.587
51.666
45.665
37.551
27.688
24.434
19.619
14.426
12.528
5.435
-14.524
-34.177
-50.098
-65.654
-61.407
-35.127
16.003
81.503
131.108
171.929
170.355
169.361
160.615
150.53
147.677
146.813
149.776
155.738
160.49
162.364
161.301
143.643
121.357
84.618
55.468
3.266
-60.101
-123.789
-187.624
-247.737
-295.457
-319.385
-344.597
-354.474
-343.725
-310.175
-264.48
-211.613
-171.274
-148.883
-115.744
-90.061
-75.232
-58.356
-54.302
-53.28
-53.209
-64.989
-75.09
-86.734
-108.529
-126.47
-161.06
-201.912
-234.442
-219.173
-160.659
-95.612
-50.934
-30.883
-1.019
33.707
59.511
81.54
93.65
97.702
102.763
106.724
112.554
116.675
116.656
117.536
116.416
111.332
110.299
109.37
112.205
112.16
115.149
114.955
113.079
109.943
95.135
77.246
54.795
38.188
36.26
55.479
96.987
146.751
187.238
205.307
201.502
200.596
194.776
191.951
190.899
197.659
200.723
205.557
209.482
204.345
190.709
163.651
132.188
96.449
63.45
14.96
-50.643
-122.02
-193.906
-252.464
-301.499
-324.562
-344.014
-343.076
-328.378
-291.867
-244.756
-209.446
-162.628
-144.818
-110.616
-91.732
-75.859
-69.795
-68.756
-67.904
-72.687
-86.361
-101.337
-130.179
-161.853
-195.377
-230.114
-245.895
-217.812
-163.094
-114.443
-88.255
-73.449
-40.844
-12.037
15.875
34.797
49.941
62.648
67.726
73.671
73.775
74.765
70.685
71.737
69.667
68.703
65.676
58.663
55.569
51.64
50.685
51.675
51.586
61.374
65.279
62.236
48.363
15.441
-5.176
-26.942
-29.703
-2.737
50.821
120.376
183.728
212.298
213.881
202.275
