105.024
77.796
32.957
-24.711
-83.444
-127.316
-190.265
-237.345
-280.51
-309.555
-324.686
-324.906
-316.158
-288.641
-247.308
-196.866
-153.197
-136.485
-129.681
-116.049
-103.33
-85.525
-72.785
-62.797
-56.082
-59.978
-64.847
-77.559
-100.048
-130.599
-165.945
-191.633
-204.568
-201.3
-185.964
-162.546
-133.703
-95.196
-85.543
-71.583
-50.933
-20.272
15.122
36.916
58.582
78.12
124.019
124.671
109.025
113.104
118.214
117.365
120.327
114.484
109.446
107.523
107.674
107.741
106.716
103.896
92.995
75.483
49.854
33.979
59.386
110.799
150.086
203.136
222.637
212.03
198.148
182.542
173.676
171.696
162.724
158.44
149.554
140.795
131.785
126.697
122.712
116.853
109.003
95.286
73.757
31.82
-3.402
-64.911
-126.36
-188.363
-239.37
-282.69
-307.364
-316.335
-323.203
-316.401
-299.334
-262.939
-219.507
-181.171
-169.278
-152.971
-138.088
-119.396
-99.831
-85.078
-83.106
-79.162
-82.106
-86.097
-96.114
-115.545
-144.036
-166.793
-197.244
-210.296
-206.605
-186.229
-154.014
-114.899
-83.293
-75.387
-55.815
-29.163
1.401
28.845
41.893
63.574
108.627
122.977
115.237
117.348
122.32
124.379
129.292
129.121
124.31
114.596
109.746
97.927
96.096
85.287
72.585
48.028
24.275
34.776
83.075
126.181
189.229
229.459
236.316
216.94
197.248
191.278
177.469
173.428
168.285
162.454
158.392
155.242
152.313
157.965
154.086
141.418
122.859
76.776
12.339
-36.71
-106.073
-169.798
-223.931
-269.243
-299.887
-318.845
-323.849
-326.016
-310.539
-276.066
-225.874
-156.734
-123.975
-108.393
-97.559
-94.654
-81.928
-69.244
-63.21
-63.473
-64.258
-69.149
-82.93
-105.371
-132.832
-171.355
-189.033
-203.243
-204.658
-185.441
-160.14
-127.9
-86.921
-67.938
-59
-35.379
-20.371
1.504
26.516
63.804
137.858
151.336
142.547
146.628
151.575
157.395
156.364
157.539
155.488
151.583
147.745
143.818
142.742
139.932
134.998
130.274
112.732
83.162
61.756
67.601
86.488
130.894
176.213
202.613
210.542
193.048
185.971
179.086
175.019
170.118
164.08
153.952
145.997
142.972
139.918
138.987
141.976
137.976
120.61
82.533
42.455
-19.06
-82.697
-143.285
-200.183
-245.167
-278.757
-295.637
-310.555
-315.706
-307.28
-279.808
-234.727
-174.611
-136.118
-120.233
-108.537
-98.871
-93.814
-86.915
-80.04
-76.01
-78.133
-83.83
-94.75
-110.33
-131.961
-150.679
-177.204
-194.136
-193.841
-172.86
-148.329
-120.887
-98.419
-61.197
-54.31
-37.511
-21.528
-6.517
6.512
26.36
107.705
143.231
128.691
127.88
134.948
131.985
137.074
136.972
137.013
132.192
128.198
125.403
119.478
121.541
118.526
110.882
92.262
61.631
39.881
43.847
74.449
124.628
172.931
204.513
203.603
190.81
182.005
177.014
172.854
167.799
165.868
156.8
148.936
143.047
140.824
141.887
141.952
129.916
114.246
82.309
50.041
-9.32
-79.689
-142.459
-200.203
-240.445
-281.649
-296.902
-315.96
-313.481
-296.054
-265.672
-216.278
-178.718
-121.612
-103.851
-94.033
-84.245
-80.4
-67.486
-60.487
-52.482
-48.529
-55.309
-68.233
-83.633
-106.108
-121.948
-152.442
-180.182
-187.364
-178.27
-160.895
-142.389
-111.899
-83.448
-70.576
-54.73
-33.958
-5.307
13.479
33.615
89.464
133.661
120.88
119.228
125.24
127.303
126.32
127.152
124.264
125.332
123.494
122.399
125.538
125.594
114.866
93.228
69.51
51.713
52.716
79.398
124.796
176.044
209.414
217.493
214.472
203.725
190.947
179.965
176.914
170.089
164.103
157.926
152.108
144.002
139.228
140.274
138.273
128.266
107.908
87.402
34.743
-25.754
-93.295
-153.015
-204
-247.253
-271.936
-295.066
-303.156
-300.603
-278.048
-242.772
-209.255
-155.963
-124.247
-105.669
-97.822
-92.934
-87.153
-76.149
-64.234
-58.283
-60.36
-61.257
-67.053
-82.655
-95.425
-120.045
-156.462
-181.004
-191.244
-191.713
-171.242
-156.852
-129.223
-97.646
-87.881
-69.099
-46.254
-29.392
-2.656
19.028
62.349
117.886
120.545
115.635
118.878
127.559
130.698
126.7
126.638
124.779
123.019
121.029
115.351
113.404
103.37
92.91
66.167
38.63
23.85
31.731
71.082
125.39
172.544
196.899
186.132
174.38
163.64
157.755
150.633
147.416
141.725
141.481
134.579
129.527
128.371
128.366
121.389
108.724
98.039
68.858
16.061
-42.399
-105.933
-161.859
-217.725
-245.356
-280.794
