-374.62
-401.86
-407.641
-396.882
-362.633
-311.425
-246.594
-191.106
-137.41
-112.861
-100.279
-86.555
-85.677
-87.769
-82.046
-86.049
-90.894
-93.751
-98.586
-118.145
-136.915
-153.469
-165.326
-179.018
-193.816
-204.644
-214.335
-228.113
-239.867
-252.39
-264.113
-271.672
-269.028
-274.439
-277.416
-282.419
-275.527
-238.548
-190.818
-164.683
-153.256
-150.413
-162.494
-173.332
-186.026
-193.911
-199.036
-194.965
-180.09
-165.079
-146.476
-126.859
-117.136
-109.302
-109.175
-112.174
-115.182
-119.128
-124.869
-120.066
-116.223
-110.406
-99.58
-83.994
-76.945
-79.006
-78.972
-93.616
-113.362
-126.989
-129.626
-108.133
-59.204
-19.016
39.122
86.561
121
141.485
147.928
155.689
154.753
155.648
146.618
133.644
123.787
112.848
102.088
80.62
66.826
55.813
52.067
49.779
47.114
48.069
45.939
48.897
46.989
45.566
39.114
8.446
-33.761
-94.607
-173.257
-242.433
-280.533
-318.905
-340.615
-357.459
-362.19
-358.855
-330.758
-305.341
-271.427
-233.481
-180.798
-131.058
-114.47
-126.258
-127.472
-121.626
-129.46
-137.604
-143.375
-140.412
-133.32
-127.407
-129.458
-139.127
-151.061
-165.597
-174.49
-190.336
-206.024
-220.682
-237.284
-255.787
-270.537
-300.637
-304.007
-316.124
-324.836
-326.064
-321.681
-293.714
-248.91
-212.794
-209.036
-206.114
-204.106
-197.445
-190.519
-178.787
-158.189
-148.593
-127.784
-117.101
-93.454
-74.844
-60.077
-47.428
-39.631
-29.877
-21.002
-10.329
-6.726
-3.682
-0.794
-3.843
-5.868
-10.756
-19.582
-30.304
-44.838
-61.418
-72.263
-82.801
-73.906
-33.726
17.52
67.946
94.619
134.826
157.278
156.477
169.047
172.87
172.691
168.607
156.864
140.244
122.424
102.786
79.39
64.675
39.275
26.587
18.76
17.522
17.731
19.626
24.472
28.303
39.329
39.408
-8.679
-83.614
-135.955
-201.841
-273.166
-336.753
-390.001
-428.925
-448.967
-466.232
-467.773
-459.333
-443.099
-410.171
-360.891
-325.386
-263.232
-203.305
-150.365
-130.791
-133.676
-140.747
-138.867
-124.928
-115.33
-116.33
-116.285
-116.248
-128.924
-138.697
-146.544
-159.396
-166.208
-174.004
-179.857
-195.595
-214.25
-232.849
-256.146
-267.731
-273.133
-284.511
-297.065
-313.925
-319.377
-296.457
-277.92
-234.965
-206.604
-212.709
-208.081
-203.27
-191.701
-178.984
-158.466
-147.817
-132.983
-118.077
-104.349
-93.573
-84.803
-78.082
-74.138
-68.445
-64.518
-59.575
-60.776
-61.846
-66.713
-76.556
-83.695
-100.094
-115.863
-143.224
-160.775
-169.286
-175.223
-146.665
-105.374
-30.315
32.064
71.762
106.142
124.978
140.37
163.751
164.584
152.627
130.115
114.268
96.587
92.587
76.777
65.003
48.39
38.531
24.826
19.14
14.014
15.907
18.982
25.848
34.775
22.485
-19.394
-87.204
-153.977
-234.766
-318.895
-387.55
-421.283
-462.177
-483.683
-488.232
-488.521
-475.791
-456.239
-415.001
-346.473
-261.222
-178.769
-141.68
-143.755
-142.068
-123.547
-117.699
-116.605
-113.576
-116.552
-120.282
-121.352
-125.113
-134.963
-145.812
-164.511
-179.172
-194.88
-212.259
-226.798
-244.349
-256.959
-276.27
-287.857
-306.097
-328.053
-324.993
-288.685
-244.522
-218.109
-205.756
-204.897
-194.48
-186.665
-176.904
-168.113
-151.342
-122.972
-106.377
-89.441
-78.74
-70.054
-63.172
-61.539
-58.587
-54.731
-51.831
-46.265
-42.23
-49.182
-70.817
-86.611
-100.949
-110.573
-119.269
-121.49
-107.789
-69.456
-20.269
18.837
48.553
69.514
90.452
115.327
134.881
144.779
153.478
156.225
156.121
141.439
126.729
110.972
85.455
66.791
44.055
24.197
13.43
5.533
6.694
8.544
8.716
14.37
18.31
24.307
30.148
42.961
55.839
22.192
-50.611
-130.262
-212.685
-285.936
-331.988
-389.97
-424.636
-449.474
-458.003
-452.56
-440.412
-422.447
-378.29
-306.21
-222.69
-197.923
-190.069
-187.095
-175.449
-151.923
-135.383
-125.606
-129.568
-133.375
-137.269
-143.452
-144.408
-152.17
-160.048
-170.058
-173.908
-180.933
-188.617
-204.324
-216.086
-231.894
-240.596
-255.116
-272.559
-290.997
-299.635
-300.987
-308.72
-314.601
-318.084
-288.966
-246.956
-204.057
-185.796
-173.191
-177.187
-174.453
-169.588
-156.645
-142.971
-135.107
-120.254
-115.425
-102.539
-83.741
-69.102
-60.338
-48.653
-40.907
-33.073
-31.264
-32.245
-40.264
-46.24
-52.153
-60.028
-81.367
-105.736
-124.077
-152.561
-167.181
-175.719
-150.422
-86.081
2.404
62.314
131.965
167.245
160.573
158.565
159.566
147.567
133.972
115.135
100.465
