-3.725784
-3.852244
-3.997302
-4.161252
-4.344483
-4.547459
-4.770704
-5.014773
-5.280222
-5.56757
-5.877257
-6.209585
-6.564658
-6.942299
-7.341969
-7.762662
-8.202794
-8.660084
-9.131436
-9.612815
-10.09915
-10.58427
-11.06087
-11.52055
-11.95398
-12.35108
-12.70139
-12.99452
-13.22066
-13.37118
-13.43922
-13.42016
-13.31208
-13.11592
-12.83553
-12.47742
-12.05041
-11.56507
-11.0331
-10.46669
-9.877968
-9.278435
-8.678625
-8.087814
-7.513874
-6.963223
-6.440858
-5.950451
-5.494483
-5.074399
-4.690772
-4.343468
-4.031791
-3.754628
-3.510569
-3.298008
-3.115234
-2.960499
-2.832081
-2.728324
-2.647674
-2.588707
-2.550143
-2.530858
-2.529896
-2.546466
-2.579948
-2.629887
-2.695993
-2.778136
-2.876342
-2.990783
-3.121779
-3.269781
-3.435372
-3.619252
-3.822227
-4.0452
-4.289144
-4.555088
-4.844084
-5.15717
-5.495325
-5.85941
-6.250093
-6.667763
-7.112419
-7.583545
-8.079959
-8.599649
-9.139591
-9.69557
-10.262
-10.83177
-11.39618
-11.94491
-12.46614
-12.94684
-13.37319
-13.7312
-14.0075
-14.19018
-14.26974
-14.23983
-14.09791
-13.84552
-13.4883
-13.03561
-12.49987
-11.8957
-11.23896
-10.54583
-9.831937
-9.11175
-8.398064
-7.701739
-7.031599
-6.394454
-5.795238
-5.237199
-4.722135
-4.25063
-3.822292
-3.435972
-3.089956
-2.782136
-2.510152
-2.271508
-2.063665
-1.884115
-1.730437
-1.600336
-1.491673
-1.402481
-1.330977
-1.275569
-1.234849
-1.207597
-1.19277
-1.189496
-1.197069
-1.214939
-1.242701
-1.280094
-1.326991
-1.383393
-1.449425
-1.525334
-1.611485
-1.70836
-1.816558
-1.936796
-2.069908
-2.216849
-2.378699
-2.556658
-2.752053
-2.966336
-3.201082
-3.457984
-3.738839
-4.045537
-4.38003
-4.7443
-5.140302
-5.569892
-6.034736
-6.536176
-7.075074
-7.65161
-8.265031
-8.913358
-9.593061
-10.29869
-11.02251
-11.75418
-12.48052
-13.18545
-13.85016
-14.45365
-14.97361
-15.38772
-15.67527
-15.81895
-15.80651
-15.63216
-15.29734
-14.81074
-14.18761
-13.44838
-12.61689
-11.71857
-10.7786
-9.820506
-8.86514
-7.930036
-7.029195
-6.173143
-5.369197
-4.621858
-3.933253
-3.303588
-2.731568
-2.214776
-1.75
-1.333497
-0.9612178
-0.6289714
-0.3325592
-0.06786984
0.1690528
0.3819649
0.5743963
0.7496378
0.91074
1.06052
1.201575
1.336299
1.466899
1.595422
1.723775
1.853744
1.987017
2.125209
2.269877
2.422537
2.584686
2.757813
2.943412
3.142992
3.358084
3.590245
3.841054
4.112109
4.405008
4.721332
5.062609
5.430266
5.825575
6.249564
6.702921
7.18587
7.698013
8.238156
8.804104
9.39244
9.998295
10.61513
11.23455
11.8462
12.43781
12.99528
13.50316
13.94519
14.30512
14.56779
14.7202
14.75258
14.65939
14.43986
14.09823
13.64347
13.08864
12.44987
11.74522
10.99348
10.21308
9.421199
8.633133
7.8619
7.118077
6.409819
5.743012
5.121508
4.547412
4.021374
3.542879
3.110512
2.722197
2.375393
2.067265
1.794825
1.555032
1.344882
1.161469
1.002026
0.8639569
0.7448567
0.6425166
0.5549278
0.4802778
0.4169428
0.363478
0.3186056
0.2812026
0.2502874
0.2250074
0.2046264
0.1885126
0.176128
0.1670177
0.1608011
0.1571638
0.1558496
0.1566548
0.1594219
0.1640355
0.1704179
0.1785256
0.1883471
0.1999006
0.2132323
0.2284158
0.2455515
0.2647664
0.286215
0.3100799
0.336573
0.3659378
0.3984513
0.4344268
0.4742172
0.5182184
0.566874
0.6206798
0.6801893
0.74602
0.8188597
0.8994749
0.9887181
1.087538
1.196988
1.31824
1.452592
1.601482
1.766505
1.949418
2.15216
2.37686
2.62585
2.901669
3.20707
3.545007
3.918628
4.331232
4.786222
5.287017
5.836923
6.438959
7.095605
7.808474
8.577876
9.402283
10.27766
11.19674
12.14817
13.11577
14.07794
15.0074
15.87159
16.63383
17.25554
17.69932
17.9327
17.93207
17.68579
17.19612
16.47922
15.56334
14.48556
13.28776
12.01271
10.70069
9.387128
8.101259
6.865717
5.696777
4.605028
3.596264
2.672426
1.832489
1.073256
0.3900173
-0.2229134
-0.771782
-1.263074
-1.703285
-2.098751
-2.455531
-2.779342
-3.075511
-3.348955
-3.604185
-3.845302
-4.076026
-4.299705
-4.519344
-4.737623
-4.956918
-5.179322
-5.406655
-5.640476
-5.882089
-6.132539
-6.392612
-6.66282
-6.943384
-7.234214
-7.534877
-7.844575
-8.162106
-8.485835
-8.813665
-9.143016
-9.470815
-9.7935
-10.10705
-10.40702
-10.68866
-10.94698
-11.17694
-11.37359
-11.53228
-11.64886
-11.7199
-11.74287
-11.71628
-11.63983
-11.51441
-11.34211
-11.12615
-10.87074
-10.58087
-10.26214
-9.920518
-9.562103
-9.19293
-8.818791
-8.445085
-8.076712
-7.718002
-7.372679
-7.043854
-6.734043
-6.445205
-6.178792
-5.935806
-5.716862
-5.52225
-5.351997
-5.205922
-5.083691
-4.98486
-4.908916
-4.855312
-4.823495
-4.812926
-4.823102
-4.853564
-4.903907
-4.973783
-5.062904
-5.171034
-5.297983
-5.443597
-5.607743
-5.790288
-5.99108
-6.209919
-6.446524
-6.7005
-6.971292
-7.258146
-7.560053
-7.8757
-8.203412
-8.541104
-8.886223
-9.235713
-9.585983
-9.932896
-10.27178
-10.5975
-10.90449
-11.18692
-11.43887
-11.65449
-11.82827
-11.95527
-12.0314
-12.05365
-12.02023
-11.93079
-11.7864
-11.58957
-11.34415
-11.05512
-10.72837
-10.37047
-9.988328
-9.588971
-9.179271
-8.765742
-8.35438
-7.950547
-7.558901
-7.18337
-6.827158
-6.492782
-6.182125
-5.896501
-5.636734
-5.403231
-5.196059
-5.015014
-4.859688
-4.72953
-4.62389
-4.542071
-4.483359
-4.447058
-4.432508
-4.439109
-4.466331
-4.51372
-4.580908
-4.667607
-4.77361
-4.898782
-5.043051
-5.206394
-5.388819
-5.590345
-5.810971
-6.050653
-6.30926
-6.586539
-6.882058
-7.195161
-7.524904
-7.869988
-8.228697
-8.598824
-8.97761
-9.361688
-9.747036
-10.12896
-10.50212
-10.86056
-11.1978
-11.50704
-11.78131
-12.01376
-12.19794
-12.32814
-12.39969
-12.40926
-12.35511
-12.23719
-12.05724
-11.81871
-11.52658
-11.18713
-10.80766
-10.39605
-9.9605
-9.509163
-9.049858
-8.589844
-8.135659
-7.693003
-7.266697
-6.860676
-6.478026
-6.121045
-5.791329
-5.489858
-5.217093
-4.973072
-4.757497
-4.569813
-4.409287
-4.275064
-4.166227
-4.081841
-4.020988
-3.982799
-3.966476
-3.97131
-3.99669
-4.042114
-4.107192
-4.191642
-4.295293
-4.418073
-4.560005
-4.72119
-4.901794
-5.10203
-5.322129
-5.562319
-5.822783
-6.103626
-6.404821
-6.726159
-7.067182
-7.427111
-7.80477
-8.198501
-8.606069
-9.024584
-9.450413
-9.879121
-10.30543
-10.72322
-11.12556
-11.50486
-11.853
-12.16163
-12.42247
-12.6277
-12.77039
-12.8449
-12.84727
-12.77554
-12.62989
-12.41273
-12.12858
-11.78382
-11.38635
-10.94518
-10.46994
-9.970471
-9.456363
-8.936666
-8.419609
-7.912428
-7.421276
-6.951194
-6.506147
-6.089088
-5.702065
-5.346329
-5.022462
-4.730493
-4.470015
-4.240286
-4.040328
-3.869004
-3.725089
-3.607329
-3.514483
-3.445368
-3.39888
-3.374022
-3.369918
-3.385822
-3.421129
-3.475373
-3.548228
-3.639509
-3.749163
-3.877264
-4.024006
-4.189685
-4.374694
-4.5795
-4.804621
-5.050608
-5.318006
-5.607321
-5.918972
-6.253233
-6.610173
-6.989572
-7.390837
-7.812897
-8.254092
-8.712056
-9.183594
-9.664568
-10.1498
-10.63301
-11.10678
-11.56266
-11.99123
-12.38241
-12.72577
-13.01102
-13.22849
-13.36977
-13.42825
-13.39962
-13.28228
-13.07748
-12.78934
-12.42463
-11.99232
-11.50308
-10.96864
-10.40115
-9.812628
-9.214456
-8.617
-8.029359
-7.459231
-6.912863
-6.395103
-5.909486
-5.458382
-5.043143
-4.664269
-4.321571
-4.014318
-3.741372
-3.50131
-3.292526
-3.113313
-2.961937
-2.836689
-2.735935
-2.658142
-2.601909
-2.56598
-2.549257
-2.550806
-2.569863
-2.605829
-2.658274
-2.726929
-2.811687
-2.912592
-3.029839
-3.163762
-3.314831
-3.483644
-3.670912
-3.877453
-4.104173
-4.352049
-4.622105
-4.915381
-5.232894
-5.575592
-5.944288
-6.339589
-6.761797
-7.210806
-7.685964
-8.185924
-8.708477
-9.250372
-9.807131
-10.37288
-10.94023
-11.50018
-12.04214
-12.55409
-13.02288
-13.43468
-13.77566
-14.03277
-14.1946
-14.25229
-14.20027
-14.0368
-13.76425
-13.38899
-12.92098
-12.37304
-11.76003
-11.09782
-10.40245
-9.689279
-8.972387
-8.26415
-7.574989
-6.913297
-6.285492
-5.696157
-5.148245
-4.643311
-4.181747
-3.763021
-3.385879
-3.048542
-2.748867
-2.48448
-2.252891
-2.051585
-1.878083
-1.730006
-1.605103
-1.501284
-1.416631
-1.349414
-1.298088
-1.261299
-1.237872
-1.226813
-1.227297
-1.238663
-1.260404
-1.292161
-1.333715
-1.384982
-1.446006
-1.516959
-1.59813
-1.689933
-1.792897
-1.90767
-2.035021
-2.175837
-2.33113
-2.502031
-2.6898
-2.89582
-3.121596
-3.368753
-3.639026
-3.934245
-4.256315
-4.607182
-4.988788
-5.403006
-5.851557
-6.335897
-6.857068
-7.415522
-8.010886
-8.641702
-9.305104
-9.996481
-10.70911
-11.43384
-12.15876
-12.86915
-13.54749
-14.17383
-14.72658
-15.18354
-15.52344
-15.7276
-15.78167
-15.67714
-15.41238
-14.99295
-14.43124
-13.7454
-12.95772
-12.09283
-11.17586
-10.23093
-9.279887
-8.341557
-7.431346
-6.561185
-5.739706
-4.972582
-4.262943
-3.61182
-3.018579
-2.481312
-1.997182
-1.562712
-1.174024
-0.8270319
-0.5175805
-0.2415616
0.005008884
0.2259356
0.4248102
0.6049926
0.7696041
0.9215309
1.063434
1.197765
1.326782
1.452574
1.577076
1.702099
1.829345
1.96043
2.096906
2.240279
2.392024
2.553605
2.726487
2.91215
3.112093
3.327849
3.560979
3.813077
4.085759
4.380649
4.699358
5.043449
5.414391
5.813493
6.241828
6.700125
7.188638
7.706994
8.254007
8.827463
9.423895
10.03834
10.66412
11.29263
11.91325
12.51336
13.07847
13.59268
14.03926
14.40154
14.66396
14.81326
14.83956
14.73739
14.50622
14.15071
13.68038
13.10892
12.45309
11.73157
10.96364
10.16815
9.362561
8.56234
7.780566
7.027792
6.312084
5.639192
5.012806
4.434851
3.9058
3.424963
2.990762
2.600968
2.252905
1.94362
1.670015
1.428956
1.217359
1.032242
0.8707768
0.7303096
0.6083815
0.5027349
0.4113136
0.3322583
0.2638979
0.2047385
0.1534504
0.1088549
0.06991014
0.03569721
0.005406876
-0.02167327
-0.04617088
-0.06864007
-0.08957179
-0.1094034
-0.1285273
-0.1472989
-0.1660441
-0.1850656
-0.2046491
-0.2250688
-0.2465929
-0.2694882
-0.2940247
-0.3204801
-0.3491444
-0.3803238
-0.4143454
-0.4515616
-0.4923544
-0.5371408
-0.5863776
-0.6405669
-0.7002622
-0.766075
-0.8386813
-0.9188295
-1.007349
-1.105158
-1.213275
-1.332827
-1.465062
-1.611362
-1.773251
-1.952413
-2.150697
-2.370137
-2.612955
-2.881569
-3.178599
-3.506858
-3.869337
-4.26918
-4.70963
-5.193954
-5.725328
-6.306676
-6.940446
-7.628315
-8.370794
-9.16674
-10.01276
-10.90252
-11.826
-12.76874
-13.71125
-14.62872
-15.49118
-16.26444
-16.91189
-17.3972
-17.68773
-17.75812
-17.59361
-17.19216
-16.56506
-15.73578
-14.73726
-13.60839
-12.39015
-11.12227
-9.840613
-8.575557
-7.351306
-6.185869
-5.091562
-4.075773
-3.141836
-2.289899
-1.517714
-0.8213153
-0.1955797
0.3653261
0.8676022
1.317557
1.721417
2.085202
2.414627
2.715058
2.991477
3.248475
3.490256
3.720647
3.943119
4.160805
4.376524
4.592802
4.811893
5.035791
5.266246
5.50477
5.752642
6.010898
6.280331
6.561466
6.854545
7.159492
7.475885
7.802914
8.139342
8.48346
8.833054
9.185364
9.537072
9.884298
10.22262
10.54711
10.85246
11.13306
11.38319
11.59723
11.76986
11.89631
11.97265
11.99595
11.96452
11.87802
11.73749
11.54541
11.30549
11.02259
10.70247
10.35151
9.976477
9.58424
9.181532
8.774751
8.369798
7.971961
7.585851
7.215367
6.863705
6.533387
6.226314
5.943831
5.686794
5.455649
5.250504
5.071197
4.917361
4.788481
4.683946
4.603088
4.545224
4.509681
4.495822
4.503064
4.530887
4.57885
4.646585
4.733808
4.840307
4.965939
5.110619
5.274306
5.456988
5.658653
5.87927
6.118754
6.376931
6.653495
6.947959
7.259605
7.587422
7.930043
8.285679
8.652058
9.026356
9.405153
9.78439
10.15936
10.52473
10.87459
11.20257
11.50198
11.76604
11.98811
12.162
12.2823
12.34463
12.34596
12.2848
12.16134
11.97749
11.73679
11.44427
11.10616
10.72965
10.32247
9.892625
9.448038
8.996301
8.544447
8.098796
7.664861
7.247293
6.84989
6.475629
6.126729
5.804726
5.510568
5.244703
5.007169
4.79768
4.615708
4.460548
4.331382
4.227332
4.1475
4.09101
4.057032
4.044803
4.053649
4.082991
4.132353
4.201367
4.28977
4.397403
4.524202
4.670188
4.835454
5.02015
5.224461
5.448582
5.692688
5.956899
6.241235
6.545573
6.869583
7.212668
7.573888
7.951885
8.344799
8.75018
9.164909
9.585128
10.00618
10.42261
10.82813
11.21576
11.57789
11.90652
12.19355
12.43106
12.61173
12.72925
12.7787
12.75687
12.66255
12.49666
12.2622
11.96419
11.60931
11.20561
10.76207
10.28814
9.793336
9.286858
8.777299
8.272405
7.778938
7.302604
6.848039
6.418852
6.017702
5.646396
5.306003
4.996971
4.71924
4.472353
4.255551
4.067864
3.908185
3.775335
3.668116
3.585355
3.525937
3.488836
3.473127
3.478009
3.502809
3.546989
3.610147
3.692018
3.792468
3.911491
4.049198
4.205809
4.381639
4.577081
4.792587
5.028644
5.285745
5.564352
5.864853
6.187514
6.532413
6.899368
7.28786
7.696931
8.125084
8.57017
9.029273
9.498599
9.973382
10.44781
10.915
11.36702
11.79504
12.18948
12.54034
12.83761
13.07177
13.23428
13.3182
13.31864
13.23318
13.06211
12.80848
12.47798
12.07854
11.61994
11.11316
10.56985
10.0017
9.419993
8.835152
8.25649
7.692012
7.148349
6.630762
6.143215
5.688491
5.268333
4.883595
4.534402
4.220294
3.940367
3.693386
3.477899
3.292322
3.135013
3.004336
2.898702
2.816613
2.756685
2.717671
2.698472
2.698148
2.715921
2.751179
2.803473
2.872514
2.958174
3.060474
3.179583
3.315809
3.469594
3.641498
3.832197
4.04246
4.273141
4.525149
4.79943
5.096927
5.418541
5.765078
6.137182
6.535258
6.959375
7.409151
7.883619
8.381084
8.898953
9.43357
9.980048
10.53213
11.08208
11.62065
12.13716
12.61968
13.05537
13.43103
13.73369
13.95146
14.07429
14.09482
14.00897
13.81638
13.52058
13.12875
12.65126
12.10097
11.49238
10.84072
10.16115
9.468044
8.774474
8.091821
7.429603
6.79543
6.195072
5.6326
5.110591
4.630338
4.192076
3.795199
3.43845
3.120102
2.838101
2.590195
2.374036
2.187262
2.027559
1.892711
1.780636
1.689407
1.61727
1.562653
1.524167
1.500609
1.490957
1.494366
1.510161
1.537829
1.577018
1.627523
1.689286
1.76239
1.847052
1.943621
2.05258
2.174536
2.310224
2.460508
2.626373
2.808932
3.009417
3.22918
3.469684
3.732494
4.019259
4.331693
4.671541
5.040535
5.44033
5.872431
6.338083
6.838139
7.372899
7.941903
8.543694
9.175541
9.83314
10.5103
11.19866
11.88745
12.56334
13.21057
13.8112
14.34574
14.79408
15.13673
15.3563
15.43896
15.37586
15.16406
14.80705
14.31451
13.70155
12.98744
12.19406
11.3443
10.46061
9.563789
8.672202
7.801266
6.96329
6.16754
5.420474
4.72608
4.086259
3.501213
2.969809
2.48991
2.058661
1.672726
1.328484
1.022181
0.7500477
0.5083907
0.293654
0.1024613
-0.06835737
-0.2217521
-0.3604507
-0.4869633
-0.6035926
-0.712448
-0.8154624
-0.9144108
-1.01093
-1.106537
-1.202652
-1.300614
-1.4017
-1.507145
-1.618157
-1.735935
-1.861682
-1.996621
-2.142008
-2.299144
-2.469385
-2.654154
-2.854945
-3.073331
-3.310964
-3.569572
-3.850955
-4.156965
-4.489484
-4.850391
-5.241506
-5.664524
-6.120918
-6.611823
-7.137881
-7.699051
-8.294378
-8.921728
-9.577486
