-22.505
-30.533
-39.635
-47.746
-51.218
-72.37
-77.065
-65.479
-34.626
12.896
83.935
123.909
170.374
205.451
245.408
251.634
248.02
230.881
225.301
222.631
223.014
219.39
213.864
202.372
202.537
203.381
195.537
204.964
207.729
222.792
226.271
207.887
200.915
165.254
127.278
104.531
79.261
59.909
61.675
52.294
70.805
79.506
87.221
84.274
94.873
90.016
100.643
101.478
96.518
91.667
101.553
121.293
121.127
111.189
82.898
74.924
67.035
61.171
50.336
48.32
50.015
58.261
66.322
75.242
96.863
113.904
123.446
123.527
125.892
111.813
99.679
91.398
77.298
80.414
79.784
99.255
146.867
124.902
-14.154
-11.905
-15.201
-6.254
-10.221
-16.162
-23.17
-26.732
-45.636
-49.553
-53.711
-41.84
-13.272
25.926
79.81
123.299
171.451
207.821
240.219
251.477
259.045
253.465
237.133
227.715
225.056
220.409
205.119
201.543
199.771
195.068
198.012
201.901
205.737
223.008
224.594
222.272
212.299
187.394
145.139
116.175
84.782
57.648
56.507
38.047
24.938
52.298
60.163
60.166
66.037
68.83
78.627
80.615
85.345
88.32
88.273
86.281
92.343
94.435
83.56
53.316
23.95
8.284
-0.579
-11.441
-13.457
-0.123
20.837
41.528
67.139
92.817
111.52
124.855
137.64
133.162
117.056
104.728
88.563
84.115
80.728
77.13
103.417
157.099
95.462
-12.474
-15.21
-16.896
-14.924
-16.042
-18.217
-22.273
-40.296
-52.697
-66.737
-57.341
-42.597
-11.29
27.64
96.389
146.725
180.27
210.859
243.767
246.174
242.465
235.029
216.905
206.577
202.947
199.254
196.561
195.732
190.132
190.347
194.36
204.053
208.844
227.905
228.567
232.829
217.97
181.289
149.012
112.559
97.885
80.08
64.613
49.84
53.951
74.352
71.434
79.043
85.885
88.781
98.511
99.547
94.597
95.542
86.838
104.554
109.444
91.85
72.272
49.913
26.571
12.934
-0.757
-8.613
-1.062
7.336
14.656
39.109
57.31
86.921
109.035
126.424
125.786
121.382
108.207
89.97
72.905
62.613
59.111
72.058
119.435
192.443
39.499
-51.834
-37.316
-33.331
-38.396
-53.223
-59.35
-67.661
-78.178
-91.105
-95.645
-67.175
-33.987
12.672
73.749
137.474
176.725
215.26
245.268
249.694
248.822
233.642
229.087
213.94
213.151
200.748
207.735
199.105
202.145
197.441
195.339
201.046
222.238
227.624
222.585
206.65
171.895
136.348
101.542
69.298
60.289
43.965
51.654
47.092
67.519
81.065
87.732
87.855
99.409
112.921
107.015
107.825
115.595
126.595
130.495
126.401
96.249
72.983
49.653
31.036
12.575
13.543
11.448
14.994
29.127
43.09
72.772
97.539
116.751
137.05
135.285
131.824
120.519
105.446
96.212
86.664
77.337
79.539
104.792
188.662
14.226
-52.647
-36.562
-26.519
-28.514
-42.274
-47.464
-49.766
-58.842
-74.214
-85.447
-81.707
-54.327
-17.305
36.026
69.507
123.306
166.588
204.755
228.414
239.042
245.692
242.965
233.507
221.232
208.783
201.273
198.449
197.741
195.824
196.887
194.042
198.924
210.527
227.807
231.502
221.673
200.21
174.917
137.459
102.624
72.044
66.832
47.441
56.06
62.393
70.344
80.043
94.439
98.304
108.111
119.628
115.587
112.495
114.496
118.497
121.533
120.57
99.989
65.97
28.058
-1.179
-12.891
-26.637
-25.712
-16.126
0.063
27.684
52.299
76.257
109.67
129.861
145.572
138.204
133.742
124.452
107.202
96.042
94.452
81.084
85.238
110.153
132.12
41.426
-35.237
-24.657
-23.573
-20.809
-39.513
-36.926
-45.969
-54.36
-63.356
-74.828
-49.625
-6.843
26.019
95.625
154.376
185.728
218.314
238.649
252.873
248.359
243.789
235.415
231.883
227.254
220.698
218.967
214.184
204.487
198.798
204.58
206.441
214.993
222.358
229.831
224.847
203.135
166.562
134.472
98.058
79.159
64.532
54.689
57.209
70.13
87.562
85.502
96.126
98.164
113.613
116.413
108.57
101.822
109.706
107.94
126.574
124.51
97.141
83.575
60.176
37.742
34.722
23.994
25.849
33.447
39.749
57.707
71.83
101.295
124.162
148.262
145.708
135.454
127.226
114.858
101.791
93.422
86.022
92.016
111.184
127.022
60.584
-20.904
-25.83
-20.73
-28.557
-37.525
-43.624
-51.575
-53.997
-69.591
-86.634
-71.121
-43.554
-13.959
