-311.259
-330.133
-307.731
-278.09
-209.917
-108.943
10.164
102.977
162.601
188.948
196.222
189.419
185.395
180.199
172.136
171.212
170.977
174.966
169.911
174.752
173.747
176.835
180.717
186.963
195.929
201.013
187.975
152.091
91.971
39.672
-58.901
-158.97
-233.231
-271.775
-288.662
-283.353
-247.738
-207.093
-171.639
-142.997
-124.342
-104.607
-87.854
-68.008
-53.133
-38.459
-29.612
-20.583
-15.753
-6.761
1.17
10.095
17.239
28.094
36.257
37.484
40.421
38.411
23.707
-7.068
-40.984
-60.635
-60.769
-52.063
-42.137
-36.171
-28.374
-30.111
-30.133
-34.931
-39.056
-49.029
-58.802
-70.796
-92.312
-103.331
-133.003
-167.758
-201.317
-238.91
-277.55
-303.107
-323.167
-311.555
-273.158
-200.041
-103.169
-241.628
74.041
139.187
166.485
162.328
152.283
145.401
144.239
148.991
148.101
148.909
147.922
148.927
146.149
154.132
156.275
162.321
173.458
183.529
179.864
155.533
104.895
14.184
-94.55
-184.661
-249.122
-285.493
-294.395
-290.298
-256.761
-226.163
-192.602
-171.832
-154.097
-133.417
-112.656
-91.1
-76.088
-66.243
-63.302
-58.414
-54.446
-48.535
-40.516
-34.586
-26.525
-22.416
-16.524
-8.389
-0.182
5.94
14.886
20.958
24.892
25.804
22.865
23.908
28.603
31.518
27.382
25.491
19.484
17.351
16.349
11.462
4.474
1.511
-7.535
-17.531
-26.459
-35.281
-46.332
-59.108
-76.944
-100.798
-132.333
-169.934
-213.694
-255.36
-280.218
-309.008
-299.129
-260.5
-189.289
-92.061
-11.823
91.05
155.767
185.034
182.729
175.011
168.102
171.734
172.782
172.648
175.587
172.751
170.858
173.802
177.784
179.906
188.818
194.957
195.178
173.84
146.424
84.191
-10.41
-110.168
-187.635
-242.139
-264.713
-276.735
-261.888
-229.178
-192.643
-161.032
-128.308
-110.637
-88.87
-63.242
-47.386
-27.653
-17.688
-11.713
-11.78
-8.045
-7.09
-1.052
6.006
11.847
20.908
27.834
38.926
40.114
32.293
28.218
16.533
8.691
4.112
0.129
1.045
3.842
12.723
16.568
21.45
21.284
19.261
11.048
3.376
-10.555
-20.577
-33.373
-49.172
-70.95
-98.72
-137.13
-178.746
-211.263
-258.833
-293.637
-308.771
-290.216
-241.737
-156.343
-92.128
3.942
76.019
134.923
166.163
178.785
167.893
156.01
146.044
142.902
139.03
137.868
129.933
130.978
135.839
139.795
142.045
149.115
155.948
167.003
177.909
173.559
141.376
91.829
29.732
-45.27
-98.662
-173.764
-231.225
-271.699
-274.716
-259.676
-224.001
-198.309
-166.792
-140.372
-117.596
-100.754
-83.067
-71.287
-65.184
-57.247
-41.251
-33.376
-27.431
-21.477
-262.643
-1.529
10.667
23.588
34.51
44.67
49.67
49.646
44.583
27.721
9.631
-3.201
-10.366
-10.409
-16.421
-17.484
-24.532
-24.296
-29.232
-35.197
-44.061
-49.163
-57.142
-64.97
-74.755
-85.833
-102.54
-117.437
-149.112
-184.801
-220.463
-261.098
-297.511
-315.406
-306.591
-269.252
-201.52
-113.548
-22.399
54.667
108.888
126.697
129.177
120.323
115.403
116.173
117.015
120.117
121.926
125.954
122.967
125.011
132.901
138.99
142.837
155.788
163.129
158.346
129.692
81.487
4.754
-51.476
-144.247
-218.322
-268.513
-288.837
-286.803
-258.29
-225.75
-194.272
-166.583
-139.799
-117.126
-99.461
-91.42
-74.794
-69.888
-65.829
-60.033
-54.129
-49.025
-40.152
-36.059
-25.068
-20.051
-12.844
-11.671
-7.777
-4.553
-6.676
-3.814
-1.088
6.683
12.376
12.256
15.988
13.985
12.092
13.064
10.171
7.139
2.999
-5.702
-13.806
-24.732
-27.563
-39.721
-47.508
-61.392
-87.015
-120.639
-155.373
-198.003
-244.324
-272.044
-302.784
-295.267
-254.84
-174.932
-83.085
7.86
53.422
112.522
163.771
184.426
183.308
173.432
162.677
156.495
150.432
149.391
152.181
152.2
152.37
158.38
164.308
168.24
177.395
188.204
184.732
140.902
113.244
60.761
0.566
-56.516
-112.75
-162.013
-184.683
-190.756
-157.4
-123.652
-91.883
-60.365
-37.619
-20.875
-6.909
10.791
17.646
20.566
26.261
27.201
30.034
35.185
41.367
47.429
55.48
61.725
61.682
61.773
56.742
49.687
50.67
52.568
54.45
54.319
49.449
44.505
45.374
41.499
37.581
36.622
31.52
24.692
16.936
8.111
-1.876
-16.667
-36.365
-69.996
-109.425
-151.001
-189.859
-222.736
-246.501
-244.65
-210.991
-160.69
-96.688
-26.516
39.712
99.816
131.118
156.168
