-78.349
-70.34
-65.502
-60.565
-58.5
-64.427
-73.209
-80.907
-85.819
-86.596
-73.829
-62.926
-59.892
-67.707
-79.536
-69.123
-47.637
-30.027
-15.294
-18.283
-34.128
-38.96
-45.88
-48.898
-49.901
-49.071
-46.171
-47.917
-51.094
-48.1
-50.966
-53.951
-63.726
-82.329
-122.266
-178.143
-228.945
-261.325
-277.384
-278.934
-273.075
-253.751
-217.253
-179.154
-112.719
-34.628
46.328
100.326
125.012
101.353
82.843
51.491
50.292
57.15
63.001
65.774
66.824
67.676
70.641
73.666
71.727
75.566
84.351
89.26
116.823
145.198
128.744
65.396
-2.909
-49.845
-124.083
-194.557
-230.233
-218.483
-180.687
-124.853
-94.538
-68.456
-47.772
-36.175
-29.184
-23.4
-21.39
-17.557
-15.405
-16.252
-18.223
-16.231
-20.048
-24.827
-26.64
-17.845
2.74
-1.11
-34.495
-55.999
-65.709
-55.129
-32.092
-7.658
0.09
-1.934
-17.52
-19.586
-20.372
-19.444
-15.728
-2.158
9.553
21.241
29.133
37.037
31.098
21.344
8.606
-6.85
-32.218
-67.337
-120.331
-168.124
-214.033
-235.437
-247.757
-241.688
-232.754
-204.442
-157.558
-107.755
-28.796
53.177
123.74
155.172
131.479
91.672
64.338
52.565
52.612
53.572
63.189
74.939
80.884
89.717
101.313
103.34
116.949
140.524
175.573
185.433
162.137
98.629
39.933
-34.08
-114.2
-158.246
-217.973
-255.628
-261.552
-231.226
-202.279
-175.711
-130.853
-111.46
-96.792
-90.946
-82.178
-69.414
-63.622
-62.591
-61.759
-67.715
-75.439
-85.02
-91.034
-97.797
-99.737
-92.794
-79.835
-73.843
-72.924
-68.162
-51.678
-34.371
-17.659
-10.866
-17.865
-26.418
-24.434
-25.516
-31.441
-24.614
-22.656
-16.731
-16.858
-10.87
-2.943
2.635
-0.071
-11.821
-26.487
-62.64
-110.461
-159.524
-207.35
-235.476
-242.748
-244.575
-241.923
-208.655
-151.962
-82.481
-3.607
42.384
96.07
123.606
100.961
70.743
45.264
40.233
42.237
48.21
63.951
79.496
83.524
78.644
74.689
71.858
70.7
84.415
115.694
158.771
185.205
178.523
128.626
66.085
-7.094
-87.04
-162.455
-204.505
-238.924
-236.913
-213.132
-165.988
-125.009
-95.824
-70.221
-52.696
-37.12
-25.454
-24.594
-17.62
-18.664
-22.523
-25.637
-36.454
-47.158
-62.635
-74.303
-76.113
-75.98
-87.695
-89.563
-88.64
-91.709
-90.759
-84.786
-81.846
-67.428
-74.204
-84.188
-89.19
-86.053
-86.204
-80.353
-71.508
-67.392
-58.662
-56.664
-62.481
-79.241
-119.256
-179.969
-220.977
-244.526
-245.792
-251.586
-237.776
-204.538
-148.086
-74.617
-28.01
44.381
102.05
135.572
139.141
108.063
83.498
56.074
53.168
55.041
64.766
78.644
82.463
94.278
99.119
101.89
105.983
121.614
134.23
155.852
190.019
221.052
202.86
158.738
96.969
39.671
-51.956
-142.575
-206.306
-248.458
-261.523
-230.368
-207.209
-158.114
-123.073
-96.737
-84.128
-77.258
-74.293
-68.337
-62.496
-61.683
-63.52
-64.54
-65.331
-72.141
-77.981
-87.832
-92.528
-80.589
-74.683
-82.286
-107.724
-135.096
-141.871
-136.163
-116.834
-83.672
-64.342
-38.911
-23.453
-31.391
-45.132
-48.018
-43.124
-41.22
-38.259
-38.362
-37.112
-36.124
-39.202
-41.082
-46.885
-64.442
-90.753
-140.691
-187.811
-215.888
-237.205
-255.335
-252.404
-220.161
-166.56
-94.158
-44.454
28.8
84.653
114.97
120.775
76.826
45.555
13.141
7.239
11.051
28.774
52.317
61.92
83.649
101.116
119.636
133.29
149.958
166.517
176.457
197.792
222.283
244.64
245.724
209.598
158.682
65.055
-29.366
-120.082
-201.367
-260.134
-294.597
-300.655
-276.223
-245.193
-202.294
-159.066
-135.782
-122.097
-108.398
-97.711
-86.998
-80.082
-83.023
-82.872
-86.816
-99.606
-113.248
-129.792
-145.437
-145.401
-136.527
-125.487
-118.401
-123.229
-130.119
-128.279
-117.62
-93.129
-65.938
-37.728
-24.101
-27.13
-38.975
-43.842
-76.371
-86.217
-88.203
-90.185
-87.952
-87.974
-89.878
-91.929
-91.847
-96.805
-106.425
-123.217
-141.719
-173.091
-213.14
-246.23
-260.53
-270.142
-264.397
-228.158
-168.531
-90.367
-8.504
67.9
100.186
120.09
95.397
49.617
19.122
18.208
22.151
29.886
42.859
56.439
71.368
80.112
86.124
90.015
95.936
104.609
124.451
155.688
187.938
205.386
202.415
170.104
107.592
32.4
-52.484
-129.542
-180.488
-233.145
-266.945
-268.109
-239.861
-196.852
-155.911
-132.402
-115.952
-102.463
-96.79
-87.979
-80.996
