336.682
342.334
332.991
322.467
324.449
322.148
327.835
334.933
331.158
330.271
320.012
318.204
311.433
307.363
308.874
313.536
332.411
334.066
337.041
346.897
351.333
336.414
319.356
295.854
287.616
274.121
263.74
252.278
240.734
239.871
227.364
223.466
219.599
203.899
199.816
197.711
195.458
184.332
183.715
185.217
199.585
201.669
219.502
213.819
184.878
147.433
116.314
106.959
109.264
108.908
100.328
118.562
129.21
148.367
159.918
167.678
173.592
176.572
188.455
187.609
198.421
199.547
203.627
219.235
217.249
233.574
246.789
247.746
251.86
261.708
260.903
271.696
270.808
278.775
282.642
287.607
291.729
320.893
323.234
321.24
343.349
329.509
281.789
261.149
239.29
229.086
232.561
238.806
240.729
250.14
248.414
265.506
271.02
266.037
272.887
266.956
304.319
335.28
346.957
358.3
352.008
345.435
354.03
351.02
361.314
357.911
354.551
350.921
347.344
332.545
321.737
307.2
304.363
296.742
284.995
271.287
270.249
263.361
252.599
243.923
235.137
226.245
228.277
223.021
208.297
207.254
191.323
187.236
192.085
177.741
171.297
178.332
174.595
177.671
179.261
178.115
160.438
123.206
107.818
88.964
73.201
67.177
69.96
96.001
110.347
120.807
143.102
170.236
179.051
178.203
190.081
193.126
204.973
209.081
221.794
225.767
237.5
241.376
248.098
267.449
270.327
282.885
296.751
305.71
319.639
331.223
320.216
342.431
352.8
327.322
310.978
278.83
263.362
238.607
202.459
174.376
164.225
158.306
155.055
148.305
140.717
139.783
131.071
127.101
130.032
120.086
118.922
124.438
127.135
125.76
115.558
123.47
152.722
166.954
152.645
165.989
191.937
247.4
286.618
299.476
311.386
330.215
331.779
346.514
349.716
345.622
345.355
333.352
316.642
304.185
314.977
300.017
298.718
295.43
284.647
285.634
266.079
264.939
257.062
243.394
235.4
227.476
225.297
225.997
217.931
211.773
207.554
198.646
195.561
189.508
191.254
197.135
199.265
189.817
181.957
168.783
143.82
124.35
96.627
82.51
76.035
63.667
72.346
79.959
88.795
109.003
117.59
127.371
145.971
154.764
158.799
169.342
180.13
182.213
184.528
177.175
170.783
173.089
169.382
161.763
162.741
153.926
165.468
180.136
215.908
231.949
232.438
209.7
208.369
208.16
209.864
209.898
206.137
208.252
204.644
194.088
187.517
185.75
181.128
184.034
189.07
192.086
199.739
216.853
219.476
216.335
216.136
204.394
209.013
209.756
204.854
203.756
199.922
186.361
181.557
177.646
163.253
161.519
154.679
155.625
149.707
155.976
169.678
203.771
222.705
248.488
269.083
266.669
270.583
276.394
289.032
290.835
282.4
275.688
274.723
274.764
269.934
276.871
272.152
280.051
280.307
277.628
281.708
291.456
298.174
313.584
327.702
334.04
348.123
350.458
345.163
320.518
299.522
285.784
281.769
272.711
272.016
266.495
253.85
257.641
249.919
232.435
221.772
226.485
220.472
216.367
209.346
202.403
200.184
191.378
186.201
187.9
183.71
178.554
192.746
196.382
203.326
205.748
185.551
175.887
143.904
121.055
114.127
98.558
102.556
106.801
99.368
105.036
117.669
127.309
147.824
159.47
168.359
173.484
185.307
186.336
190.581
190.763
186.165
193.263
192.57
194.634
203.635
206.469
214.254
217.188
224.066
231.805
240.536
241.605
251.399
259.508
269.428
279.81
287.926
294.534
302.799
298.357
280.322
260.674
242.443
223.209
212.884
205.325
188.28
174.204
161.432
157.819
163.644
161.918
152.568
156.769
151.292
145.742
139.31
128.948
129.109
124.273
112.474
105.479
106.119
109.479
105.843
107.192
124.026
156.169
157.298
165.234
195.217
222.728
259.442
288.817
304.455
313.656
315.203
307.965
317.799
315.208
290.003
279.766
276.567
277.943
270.819
260.93
249.986
249.756
237.036
236.851
231.874
223.927
217.054
222.654
218.548
223.146
226.644
217.664
217.203
219.937
217.931
215.096
213.141
219.859
233.622
236.152
210.289
182.14
131.957
134.748
136.032
131.333
135.025
128.353
161.422
172.998
187.588
188.626
197.527
206.586
201.844
216.018
214.514
212.935
224.024
229.044
233.025
236.765
240.518
243.204
259.613
272.116
273.207
284.872
286.15
305.686
317.967
326.519
343.923
354.781
356.993
334.219
302.388
