531.353
534.215
533.257
533.197
527.29
532.116
524.384
523.401
522.433
516.664
515.942
509.266
506.478
506.549
498.835
486.387
480.667
475.007
462.538
455.153
451.37
437.114
413.897
386.624
366.152
355.453
346.679
350.475
368.768
390.033
406.396
417.783
426.399
431.215
435.018
441.78
444.624
443.718
448.489
444.589
443.563
444.561
444.483
446.304
442.463
444.412
433.892
427.31
403.094
388.56
387.839
400.661
421.155
455.182
489.134
504.862
511.024
513.989
515.911
524.442
527.218
532.979
543.501
545.249
547.145
553.86
552.88
556.595
560.483
563.272
556.512
561.316
556.596
556.669
550.006
541.389
532.824
527.051
517.327
515.055
519.418
525.952
529.652
530.417
530.288
528.148
523.19
522.278
523.231
521.21
520.308
516.369
520.219
509.685
505.91
506.936
502.182
505.108
501.345
502.386
499.491
489.923
487.09
485.178
482.429
477.733
473.949
472.181
467.419
454.933
431.742
408.463
386.224
370.838
370.788
386.279
400.676
412.18
423.758
433.27
441.043
449.687
454.432
453.485
457.398
458.312
462.14
460.108
462.029
463.966
463.973
460.992
458.925
448.289
445.644
436.993
420.587
407.95
408.234
425.997
454.265
471.696
499.833
513.539
516.748
526.443
528.265
533.92
539.734
545.293
550.045
552.928
555.697
555.6
562.294
564.224
563.231
568.06
561.271
557.536
554.76
554.836
546.286
535.702
523.99
527.585
532.104
532.869
535.509
534.333
530.343
529.209
529.007
529.019
526.073
523.137
524.114
521.221
523.118
521.241
515.388
514.462
510.697
509.723
504.016
501.267
497.399
494.585
488.855
483.091
476.475
470.81
468.06
465.291
455.779
434.594
412.41
391.087
379.324
370.655
367.569
384.036
402.402
414.914
416.688
426.352
434.112
437.957
443.754
445.66
443.746
444.655
447.529
449.405
447.338
449.279
445.346
439.508
438.599
431.128
419.518
405.053
392.644
395.819
407.661
423.262
451.419
482.661
497.338
499.386
500.391
500.311
502.176
507.685
522.17
529.797
541.322
547.088
552.881
557.646
562.396
559.436
565.215
563.242
565.191
563.261
562.279
557.541
557.667
549.063
545.307
536.608
522.831
521.424
527.955
532.582
537.32
536.191
530.218
534.006
529.037
527.071
529.069
531.97
526.096
520.271
519.264
513.393
507.593
507.681
502.84
502.827
500.96
498.196
497.294
490.525
485.755
477.087
472.348
464.673
459.01
455.272
455.354
450.769
442.321
423.117
395.069
367.094
346.73
335.077
339.879
353.288
375.529
394.843
406.377
413.01
421.619
429.271
435.119
439.952
444.815
441.898
445.755
446.647
450.531
447.512
451.325
445.389
446.313
448.262
438.707
429.124
411.677
394.328
396.496
403.47
429.981
460.098
490.223
508.938
512.15
517.978
522.747
530.287
537.949
545.533
553.09
559.726
560.65
563.492
568.279
568.215
571.921
572.854
574.831
571.931
574.814
571.939
568.095
565.36
564.533
559.723
552.114
548.141
539.344
540.102
539.821
540.479
545.122
542.046
539.065
539.841
538.74
538.712
534.835
533.961
537.82
538.75
528.996
529.045
525.163
526.181
518.477
518.539
515.72
513.865
513.948
507.25
504.342
495.74
489.022
479.53
474.78
470.084
467.324
455.861
441.446
416.379
387.309
363.065
349.438
347.463
353.312
369.71
386.157
397.662
397.591
411.998
414.787
425.338
428.205
434.969
438.796
443.661
444.646
445.706
449.545
452.344
451.25
455.133
449.289
449.327
444.467
443.604
439.909
433.068
416.664
411.928
418.09
428.926
451.413
477.521
489.366
503.105
509.013
510.032
511.794
520.319
528.966
531.763
542.208
547.031
553.685
558.471
561.346
562.196
563.128
566.996
569.858
566.907
566.935
569.75
566.944
563.242
560.384
550.862
544.294
536.611
528.915
516.144
508.098
520.403
521.23
528.733
531.502
536.163
530.248
529.18
530.072
528.998
525.195
528.026
527.137
521.276
521.165
518.311
518.376
514.513
514.618
510.8
510.866
509.996
510.058
506.243
501.373
500.536
493.748
488.976
485.24
476.657
467.117
460.491
451.017
428.875
397.817
368.782
351.439
336.026
329.269
328.299
326.317
331.152
347.486
362.915
370.419
379.855
390.322
404.749
417.327
425.985
429.785
432.776
438.55
441.463
442.402
441.401
444.346
443.299
447.1
447.105
441.268
