515.467
516.388
515.254
519.125
510.247
516.844
514.656
507.667
493.977
470.609
446.504
407.313
374.042
349.631
343.555
343.081
347.122
341.953
342.506
354.327
365.081
370.859
377.65
379.696
380.706
383.643
379.762
370.034
365.274
358.359
345.56
338.837
332.085
339.797
370.239
417.146
464.274
490.462
510.033
510.26
510.99
513.09
511.275
513.159
515.057
517.075
519.036
514.219
515.276
514.367
515.366
512.522
509.665
507.761
505.974
504.131
500.306
491.73
492.85
483.242
479.643
466.256
461.437
464.313
473.664
488.897
490.4
487.114
491.785
501.384
506.118
504.181
509.907
510.839
507.973
509.885
515.579
510.698
510.717
508.772
513.536
511.533
515.234
513.222
514.03
516.022
513.982
516.71
510.805
513.575
504.694
482.197
455.265
418.736
389.144
372.233
362.218
357.087
362.277
356.53
356.015
360.95
367.811
375.601
381.38
383.392
385.377
386.362
382.51
380.66
373.833
367.949
356.274
347.413
339.868
341.894
366.699
408.732
455.799
482.775
505.284
506.529
508.153
514.104
507.54
511.335
509.406
512.403
509.614
505.776
508.825
505.934
503.11
502.213
498.452
495.63
491.904
485.212
477.631
469.972
462.454
454.921
442.405
440.48
456.609
473.592
479.175
485.587
486.194
484.056
486.872
491.542
495.466
500.198
500.145
499.324
499.303
497.339
495.406
496.337
495.32
500.998
500.918
499.688
502.516
508.173
502.263
504.09
501.98
501.808
501.701
495.694
483.952
464.832
442.029
415.558
400.704
381.094
365.216
354.894
346.097
347.417
355.216
363.015
370.735
376.493
377.512
381.493
383.477
375.726
370.878
364.223
356.379
345.702
337.826
321.618
326.51
350.281
390.481
438.605
466.509
496.704
504.684
500.55
504.273
506.563
506.524
507.489
508.436
506.525
507.653
507.72
506.738
501.973
500.024
502.032
500.07
500.179
498.206
488.784
490.762
484.164
478.541
468.996
455.665
449.944
450.935
461.397
474.534
480.977
484.621
482.403
486.117
492.816
499.521
499.471
505.263
502.352
507.054
504.237
507.977
506.058
504.087
503.999
501.994
506.796
508.581
511.335
511.229
512.031
509.945
508.751
502.776
497.823
487.18
462.047
431.434
400.958
377.341
365.447
369.531
369.418
367.821
380.047
391.074
401.796
406.606
411.496
413.439
415.422
417.526
411.81
406.062
396.428
393.583
382.978
385.773
385.952
388.938
404.338
432.112
449.995
473.833
495.88
497.658
498.565
508.122
510.09
505.374
508.28
508.367
508.463
505.587
500.943
502.937
499.206
501.226
497.342
493.597
489.798
490.962
482.342
475.693
464.179
455.726
451.909
461.307
471.673
489.756
489.416
477.386
466.538
454.661
453.524
465.148
477.724
487.332
497.039
499.02
503.951
504.91
507.802
508.735
512.559
509.636
514.35
510.347
511.258
510.136
509.082
509.912
504.953
502.882
494.065
485.224
476.507
459.023
440.093
417.491
402.727
396.604
390.246
383.058
370.215
366.834
375.764
386.467
389.35
396.038
393.166
393.211
396.146
394.208
385.544
384.659
375.115
368.364
361.604
359.812
366.766
383.061
402.096
443.059
477.505
496.665
511.185
499.712
499.671
496.613
501.711
494.039
501.718
503.696
501.806
501.801
499.905
498.968
502.949
500.026
502.97
498.102
497.267
498.279
493.574
486.896
479.397
471.798
463.236
465.113
474.433
486.709
492.13
482.194
471.345
468.382
462.475
474.923
486.506
495.132
500.967
503.919
503.962
504.93
506.861
505.796
510.649
511.554
512.498
512.434
511.318
515.181
515.176
515.083
512.04
512.942
510.811
509.73
505.732
495.848
463.864
428.398
404.375
378.626
361.69
359.268
363.896
372.177
362.412
362.112
370.671
378.571
384.405
392.081
394.041
395.102
395.979
391.208
391.34
386.497
378.787
371.043
366.172
364.29
361.531
373.94
414.015
459.932
496.554
506.442
507.502
509.192
512.227
511.402
513.222
515.199
510.378
510.484
509.609
508.669
509.752
506.978
504.127
504.182
502.271
496.584
490.862
488.135
482.42
481.582
469.076
463.417
469.11
484.205
496.404
489.38
481.279
469.559
467.579
476.207
486.701
501.181
498.214
510.762
515.592
517.486
517.526
522.348
518.431
519.343
521.226
519.276
521.218
524.037
522.921
522.932
523.787
518.78
519.583
516.552
507.684
490.239
