71.129
65.483
67.329
64.114
59.549
63.889
70.049
70.773
73.396
78.086
104.204
113.868
126.374
135.867
141.315
157.395
169.593
186.775
196.491
230.633
237.585
261.909
268.738
258.787
250.046
247.634
242.501
234.793
222.674
213.022
201.812
177.783
166.433
163.633
155.105
152.431
144.865
150.724
143.975
141.003
136.031
138.975
131.187
121.303
125.062
127.864
142.129
164.134
168.02
171.179
195.549
215.628
228.102
234.43
229.474
240.821
270.716
279.266
281.809
265.238
248.201
242.562
230.95
208.92
204.171
197.527
194.756
179.217
180.311
168.689
169.616
165.823
177.469
184.33
197.64
210.738
231.386
240.434
244.267
215.489
166.087
135.689
109.448
80.224
63.137
38.263
28.249
37.581
40.094
36.601
46.905
43.566
44.294
57.545
68.101
74.842
84.395
87.293
98.841
106.596
108.401
120.777
130.221
133.934
150.346
163.977
171.814
186.596
195.2
206.512
215.347
215.423
222.369
234.559
228.799
225.541
211.378
197.273
191.799
171.85
172.249
162.042
151.518
151.703
154.804
149.01
146.005
136.256
135.261
135.302
136.251
130.182
120.087
124.45
151.541
159.914
169.829
169.124
196.502
224.676
237.549
231.72
227.484
233.571
261.193
263.251
255.136
238.796
238.054
211.983
199.776
196.093
179.876
168.376
160.654
160.63
156.845
155.058
153.072
167.532
182.801
192.337
213.999
228.545
228.324
205.471
172.531
147.707
115.287
87.748
70.709
49.729
26.666
28.543
26.335
25.099
30.481
35.825
36.361
45.706
43.427
49.977
62.388
62.313
73.756
91.053
93.669
105.053
115.396
121.898
139.178
152.779
167.421
180.122
196.554
210.5
222.365
224.423
212.271
216.954
199.321
199.675
191.785
182.48
164.225
161.579
161.849
157.248
155.47
150.807
152.752
146.915
144.03
138.202
125.476
128.192
123.149
122.769
128.606
154.873
159.161
170.908
190.009
215.538
233.731
241.217
242.461
260.454
268.34
280.01
289.188
285.78
284.245
255.931
247.896
232.804
220.662
210.665
204.443
190.596
176.598
168.975
166.141
162.238
163.271
163.296
162.272
171.977
183.757
196.983
212.997
226.203
215.91
178.231
151.328
121.192
100.031
77.346
53.665
41.47
28.715
28.394
38.704
41.365
39.755
43.906
46.162
43.711
48.099
59.512
60.306
60.177
66.975
80.604
89.138
91.747
100.266
107.602
119.939
128.408
143.799
156.468
163.415
186.043
211.33
228.38
234.342
248.049
247.398
245.106
242.176
225.156
218.231
211.041
200.755
186.28
173.981
162.643
164.878
162.25
164.304
160.608
158.768
151.011
152.063
141.226
136.323
124.443
121.389
124.191
138.444
150.669
152.829
165.605
189.874
205.085
237.249
239.633
241.22
263.081
288.093
289.25
282.479
263.914
257.086
240.7
221.422
206.969
202.167
192.81
185.327
177.668
159.411
153.811
157.756
156.865
154.067
156.066
158.035
174.576
191.762
196.375
216.925
216.78
215.832
198.863
169.758
135.981
113.03
89.334
73.577
48.862
31.722
28.809
29.592
41.923
46.254
47.666
45.048
54.325
55.043
62.582
68.137
74.89
85.347
94.023
102.739
111.303
113.864
127.112
136.367
157.394
166.106
180.622
192.525
207.902
221.008
233.924
234.957
235.045
228.829
225.79
228.91
220.677
213.804
202.353
194.629
182.322
168.931
158.484
153.766
151.998
146.34
148.415
146.828
153.893
150.112
140.345
128.556
129.607
125.646
130.414
130.151
140.821
160.071
156.704
166.641
179.884
210.663
224.078
238.88
231.971
245.784
260.112
270.848
279.272
269.712
254.845
246.43
232.24
210.208
204.84
191.443
182.191
177.559
162.359
156.737
155.006
150.244
145.34
148.253
139.522
149.223
165.755
170.56
187.768
212.557
223.592
238.015
228.983
202.198
173.302
152.6
121.348
101.614
74.434
54.83
40.646
33.773
25.695
35.107
31.813
44.878
43.397
36.17
44.534
52.193
53.99
65.554
72.183
78.979
90.469
97.221
103.872
100.869
116.199
115.982
125.363
142.456
157.646
172.05
186.59
207.791
223.582
221.447
225.458
236.528
244.058
246.775
246.744
240.987
241.012
226.89
220.396
196.2
171.116
151.932
140.703
137.309
129.001
120.452
127.492
123.73
123.866
120.078
116.229
120.184
112.364
105.584
106.512
105.269
