25.692
21.732
6.038
8.729
-7.084
-21.02
-40.197
-53.79
-57.956
-61.375
-44.114
15.521
79.829
152.744
216.582
258.277
270.526
242.647
205.225
221.454
227.038
221.549
220.04
228.171
231.223
234.228
233.198
229.069
241.212
231.847
217.27
225.597
230.126
229.058
176.868
119.726
77.922
72.653
73.208
76.271
48.471
65.922
81.135
78.026
75.93
85.55
90.229
93.008
102.683
108.52
112.349
118.167
122.971
126.771
141.38
151.048
155.843
171.098
186.663
194.25
220.576
236.043
235.284
228.019
194.198
179.657
148.242
118.117
104.248
92.174
77.14
72.699
59.681
51.427
51.744
47.146
34.689
28.946
30.003
28.129
20.43
14.479
-2.075
-8.997
-23.724
-16.11
-25.061
-39.035
-41.81
-47.455
-56.256
-69.396
-42.626
-8.163
37.629
89.821
149.436
210.436
240.278
246.931
201.495
208.64
212.201
215.405
209.053
215.092
217.354
217.536
220.303
229.907
227.554
224.089
222.465
211.226
232.381
241.202
205.525
147.99
102.066
79.245
84.574
90.775
53.469
69.017
92.963
86.119
87.912
99.418
111.925
115.706
132.11
133.074
142.603
149.433
161.002
169.669
184.216
191.96
208.367
217.871
240.169
260.568
264.544
262.864
226.52
189.107
173.824
148.432
120.329
103.396
91.148
70.225
70.78
56.609
45.541
55.737
50.256
44.671
43.789
39.052
33.282
20.675
13.749
-10.791
-16.76
-29.562
-39.435
-48.37
-63.275
-72.854
-75.637
-88.207
-93.109
-60.288
-7.225
60.062
124.01
191.341
240.651
269.156
266.439
213.902
217.192
219.597
215.077
207.647
211.669
220.704
224.714
224.531
224.376
238.635
232.282
232.718
224.293
248.426
255.161
213.563
166.667
131.303
105.471
106.841
108.34
67.029
51.576
90.214
88.963
88.951
86.997
91.616
108.131
115.811
114.788
124.234
123.201
131.85
129.803
142.295
138.392
164.49
169.32
187.657
206.953
218.66
239.067
245.095
246.204
226.977
186.225
162.883
150.191
128.965
112.541
102.229
92.846
81.799
74.693
70.177
53.957
60.034
45.616
46.633
41.868
31.339
24.481
21.551
7.805
-5.91
-13.978
-27
-37.267
-53.543
-63.157
-65.189
-59.144
-45.991
1.043
58.195
117.117
182.539
-4.717
276.46
223.744
188.807
220.777
225.174
219.676
222.873
220.324
223.45
239.175
247.015
251.899
257.479
265.045
271.457
261.647
276.577
278.288
267.112
240.029
187.004
143.4
111.729
83.83
65.651
50.535
53.51
64.315
66.134
74.893
84.623
87.486
106.899
112.765
127.269
136.025
134.974
147.579
155.265
175.641
185.2
197.755
206.488
229.962
233.074
203.223
178.667
164.542
147.197
119.274
109.268
88.098
70.613
69.108
63.944
51.072
48.836
48.423
55.525
51.932
49.22
43.62
37.94
35.064
22.49
9.723
4.792
-9.025
-16.025
-27.903
-38.802
-48.055
-52.714
-61.126
-55.148
-55.102
-5.496
60.944
131.925
190.909
226.506
273.981
256.34
216.507
232.815
234.386
230.704
220.284
222.305
227.138
230.122
229.197
233.924
242.63
257.876
262.405
265.985
278.782
292.915
276.656
247.417
180.962
133.621
101.188
84.674
81.475
70.515
53.14
83.867
93.241
88.333
94.048
98.861
98.818
103.567
107.377
119.928
118.821
125.408
122.427
136.894
141.736
155.281
164.924
188.279
200.997
213.749
205.289
167.649
148.16
123.406
110.238
98.463
96.967
89.77
72.805
64.741
51.73
49.435
49.937
51.232
48.609
45.068
32.675
32.873
25.245
22.385
15.61
0.088
-0.823
-0.866
-9.69
-22.512
-27.53
-43.514
-48.14
-52.924
-64.712
-56.781
-11.715
10.746
52.8
100.354
144.554
212.616
256.618
250.375
226.362
209.187
220.481
221.703
211.487
211.743
219.692
210.036
215.9
229.492
231.15
236.641
240.924
240.553
248.085
261.757
243.541
189.288
127.519
96.593
103.138
91.712
62.087
77.477
94.684
83.031
86.976
88.849
99.55
109.228
112.131
123.813
138.218
143.087
149.775
152.626
165.147
173.807
193.067
202.676
216.237
222.953
236.618
223.277
188.045
162.537
146.851
121.297
118.357
118.792
107.55
88.624
79.661
70.205
62.129
56.825
50.285
51.558
47.937
41.276
34.597
27.95
25.147
25.231
16.543
1.021
3.761
-5.226
-19.232
-30.484
-37.028
-46.584
-40.885
