22.846
18.837
11.622
-0.078
-9.274
-28.202
-60.994
-102.498
-153.614
-210.618
-253.434
-304.168
-321.444
-304.186
-266.497
-223.405
-197.627
-227.676
-253.022
-226.16
-197.574
-184.935
-168.283
-152.407
-146.453
-143.439
-144.45
-151.427
-170.781
-196.5
-236.077
-251.597
-263.279
-271.132
-275.168
-246.918
-183.023
-125.225
-20.241
74.952
90.027
88.457
75.062
65.19
57.302
52.617
43.899
40.028
38.283
39.392
36.537
37.641
36.761
33.899
37.161
36.391
35.509
27.004
28.332
24.558
31.999
35.256
46.997
68.416
70.627
20.323
-41.172
-85.977
-100.985
-80.639
-60.369
-40.858
-17.599
3.794
19.485
30.175
34.813
40.56
44.506
48.383
49.203
44.163
39.881
34.819
26.649
18.977
9.948
-8.989
-44.367
-81.751
-125.115
-183.313
-233.77
-283.095
-305.677
-307.496
-283.639
-243.069
-211.996
-215.783
-252.096
-238.198
-211.627
-201.732
-184.209
-175.245
-161.461
-153.61
-158.46
-162.173
-177.931
-200.575
-225.152
-246.995
-252.425
-249.283
-250.023
-237.482
-184.466
-130.979
-30.786
74.285
97.977
96.373
85.123
81.056
75.208
67.625
63.974
61.108
55.594
56.59
49.931
52.042
50.33
48.555
49.85
51.97
51.337
45.648
48.088
52.448
62.316
75.024
91.903
59.727
24.096
-30.391
-73.182
-92.195
-76.77
-59.573
-36.016
-20.63
5.602
28.382
43.951
55.59
60.47
65.27
68.082
65.853
59.815
47.5
39.528
28.468
23.333
13.332
-1.713
-40.172
-78.479
-117.997
-159.319
-202.76
-250.664
-267.859
-265.49
-239.52
-196.291
-175.086
-206.546
-257.723
-243.904
-226.182
-214.499
-201.903
-195.927
-183.95
-178.954
-183.878
-188.795
-199.279
-220.031
-239.657
-266.338
-264.856
-269.6
-274.396
-262.603
-215.234
-166.716
-73.459
35.445
100.223
101.849
92.905
80.129
79.15
78.128
68.42
68.789
65.037
63.051
53.444
51.455
46.748
42.776
37.169
37.079
36.657
34.807
33.239
30.714
37.818
45.108
56.997
62.908
66.426
60.646
11.108
-38.199
-75.94
-74.335
-60.821
-49.247
-22.034
5.279
21.844
32.281
45.159
49.75
52.71
57.504
64.135
62.017
59.02
50.873
43.71
29.801
10.881
-13.867
-47.574
-85.065
-131.211
-160.519
-213.236
-267.174
-302.254
-303.938
-279.956
-237.032
-202.352
-260.403
-266.056
-229.039
-210.286
-197.65
-186.781
-171.143
-162.243
-154.045
-147.999
-143.98
-150.741
-158.424
-171.053
-177.149
-160.146
-127.74
-113.245
-121.633
-113.946
-77.599
-27.261
27.04
82.537
96.931
98.963
107.038
100.22
101.395
102.592
101.669
104.051
105.166
104.5
104.698
102.705
103.958
102.159
101.633
98.885
99.15
104.223
116.494
127.342
133.564
115.389
38.622
-44.139
-117.353
-170.554
-201.45
-201.84
-187.139
-162.711
-134.537
-108.088
-83.577
-71.641
-58.97
-51.179
-41.494
-36.709
-33.837
-34.106
-39.301
-43.332
-53.447
-62.431
-73.48
-81.578
-104.343
-135.846
-161.548
-194.776
-229.135
-259.455
-272.738
-259.426
-221.845
-188.707
-144.519
-191.029
-236.05
-204.288
-181.675
-173.905
-165.297
-160.354
-161.228
-159.194
-156.277
-158.151
-158.941
-167.448
-179.13
-189.852
-180.746
-158.843
-155.247
-169.585
-165.09
-126.841
-65.739
15.32
95.639
126.777
132.269
115.309
103.733
97.757
92.004
91.126
89.164
85.342
82.483
77.867
72.933
62.298
61.241
57.637
56.766
57.057
57.257
63.644
71.755
81.827
93.411
98.479
45.117
-24.068
-89.105
-134.499
-157.094
-172.957
-155.655
-130.313
-108.028
-82.569
-60.977
-46.239
-33.546
-18.911
-8.401
-1.522
4.195
6.095
6.925
7.559
8.527
6.565
2.446
-5.69
-13.645
-33.617
-67.065
-106.406
-152.779
-219.356
-272.367
-299.377
-317.131
-309.246
-283.754
-235.161
-179.25
-194.119
-227.015
-217.571
-192.788
-183.922
-166.481
-155.684
-147.66
-145.911
-141.868
-141.566
-152.327
-163.989
-186.466
-201.194
-210.837
-205.637
-201.111
-214.98
-176.047
-98.203
-25.468
72.347
92.286
84.789
73.401
72.166
74.219
73.27
74.488
73.721
73.783
75.025
69.455
71.519
66.764
64.862
63.166
62.366
56.904
55.143
54.462
56.546
62.721
71.263
50.9
-11.422
-59.838
-115.339
-155.636
-179.166
-164.688
-147.434
-120.144
-107.611
-83.248
-61.781
-51.135
-37.377
-27.641
-19.951
-15.194
-9.454
-3.636
-0.688
0.105
0.739
-7.045
-19.011
-36.004
-62.73
-94.262
-127.836
-169.914
