8.197
14.942
11.059
-2.742
-31.295
-56.686
-82.063
-92.836
-105.528
-110.34
-113.684
-112.503
-116.154
-125.75
-139.374
-152.773
-169.185
-179.603
-173.53
-162
-153.028
-143.692
-175.951
-219.379
-254.92
-271.667
-280.625
-279.808
-265.328
-228.233
-215.698
-210.324
-200.751
-197.861
-190.197
-182.397
-174.713
-172.624
-172.764
-173.819
-178.834
-177.786
-178.94
-187.982
-191.829
-197.646
-206.178
-217.471
-250.779
-277.217
-271.774
-246.785
-218.026
-165.839
-97.231
-29.28
3.758
-5.852
-23.444
-30.658
-12.398
-6.627
-9.805
2.459
6.28
10.069
16.87
14.572
18.527
18.275
19.262
21.149
23.359
26.454
16.928
-1.432
-29.431
-56.7
-98.804
-126.906
-125.052
-98.254
-57.641
-19.062
-1.789
15.306
3.305
-13.161
-31.735
-57.314
-73.759
-91.493
-104.218
-114.733
-118.429
-121.219
-125.921
-127.811
-130.505
-131.311
-136.181
-142.791
-153.374
-160.161
-162.744
-158.529
-153.46
-142.348
-146.09
-155.672
-184.944
-215.392
-242.743
-255.254
-252.44
-230.905
-219.421
-204.019
-193.329
-178.061
-163.326
-145.882
-141.203
-132.375
-125.433
-124.579
-130.521
-131.723
-133.702
-132.717
-133.676
-143.624
-160.523
-178.101
-180.447
-193.028
-220.301
-246.821
-237.387
-199.459
-155.965
-119.773
-59.987
-9.81
9.443
10.49
-6.358
-1.805
6.036
9.391
25.802
33.571
44.985
51.594
50.456
48.499
53.316
58.19
59.112
56.483
46.029
38.395
12.38
-27.526
-76.589
-102.586
-102.327
-84.244
-59.46
-31.635
-10.447
6.737
17.012
14.111
3.269
-7.552
-28.024
-48.506
-69.084
-84.571
-97.382
-108.026
-115.604
-118.55
-125.172
-131.659
-143.377
-153.917
-166.448
-177.104
-182.618
-179.386
-174.163
-168.984
-167.659
-186.026
-210.326
-239.745
-257.692
-261.529
-267.811
-258.942
-228.678
-216.11
-208.666
-200.859
-192.011
-182.298
-177.422
-169.676
-168.656
-169.765
-169.823
-170.929
-175.138
-184.88
-191.865
-206.596
-205.488
-199.036
-219.559
-252.672
-261.1
-248.759
-220.871
-196.156
-151.939
-97.537
-54.182
-53.919
-78.23
-100.861
-127.369
-137.792
-112.443
-96.09
-79.664
-51.435
-28.025
2.078
25.313
32.983
33.913
33.822
35.811
37.769
35.782
37.949
44.095
31.622
11.375
-46.209
-111.19
-147.333
-138.11
-98.562
-48.027
-20.094
8.788
26.177
21.961
8.22
-9.199
-21.882
-48.408
-77.748
-107.12
-127.781
-146.328
-156.862
-162.738
-168.625
-167.498
-164.259
-172.897
-183.641
-191.307
-206.853
-217.377
-226.031
-229.624
-225.428
-218.409
-202.226
-195.798
-206.248
-231.672
-257.904
-278.555
-289.418
-292.415
-278.055
-249.722
-232.189
-219.645
-218.971
-208.439
-197.887
-187.038
-176.299
-173.301
-163.583
-160.673
-160.844
-158.851
-164.982
-169.005
-177.126
-184.057
-189.875
-199.385
-212.863
-239.33
-268.503
-268.94
-242.11
-203.094
-151.983
-93.045
-33.681
-0.757
5.165
4.044
-5.178
-10.217
-8.603
-6.073
-4.419
-2.562
11.946
22.578
27.311
33.778
43.462
45.515
50.393
54.259
58.22
61.198
64.501
52.132
43.399
10.496
-38.548
-77.814
-99.764
-99.43
-91.352
-78.123
-51.197
-16.249
6.74
22.048
21.983
15.128
2.651
-22.742
-47.225
-73.782
-93.189
-102.988
-113.606
-122.325
-124.136
-132.736
-134.508
-135.295
-140.023
-154.682
-166.174
-183.634
-193.975
-192.811
-192.499
-179.492
-181.136
-196.566
-215.945
-244.423
-273.892
-285.826
-290.801
-283.855
-268.313
-235.088
-231.395
-229.606
-222.003
-214.449
-208.775
-203.97
-199.092
-193.326
-189.347
-173.689
-161.762
-158.896
-163.03
-169.178
-167.185
-168.266
-172.082
-181.905
-181.67
-187.134
-204.876
-231.167
-244.613
-215.477
-183.776
-138.289
-110.929
-61.564
-33.759
-33.508
-48.029
-86.483
-104.447
-93.828
-78.447
-70.088
-51.564
-45.964
-27.526
-18.797
-4.423
4.28
12.095
14.938
13.842
13.906
12.738
13.928
17.229
16.349
8.866
-8.25
-32.538
-79.305
-131.508
-154.675
-150.387
-121.425
-89.741
-61.734
-20.159
17.64
34.974
30.901
16.99
5.423
-13.277
-36.524
-57.163
-76.937
-92.448
-97.181
-102.053
-105.719
-111.464
-111.313
-117.924
-119.735
-124.499
-126.537
-135.025
-141.909
-154.459
-169.778
-181.227
-183.869
-181.599
-184.091
-206.342
-245.681
-271.151
-289.574
-293.362
-299.2
-300.183
-296.393
-297.363
-284.893
-278.14
-278.661
-276.256
-270.776
-258.246
-241.624
-226.099
-219.416
-209.447
-206.577
-201.664
-197.824
-195.95
-193.894
-196.032
-197.155
-199.095
-208.942
