85.5
72.577
56.68
37.881
9.379
-25.416
-97.154
-174.434
-214.021
-213.952
-166.256
-118.274
-33.891
22.758
37.342
11.981
20.743
33.123
39.884
52.565
68.273
79.96
92.59
102.129
107.048
102.16
98.065
88.453
82.627
66.268
49.665
51.222
42.246
6.164
-4.464
14.67
55.305
101.947
144.126
156.677
160.03
157.287
155.495
153.471
151.737
150.652
148.925
144.034
139.997
140.866
150.884
162.128
153.305
138.394
132.856
122.874
115.841
111.798
106.644
103.655
92.903
68.58
35.429
-0.656
-31.561
-51.772
-57.452
-55.481
-38.745
-17.481
1.875
20.334
40.617
49.514
67.142
73.442
34.282
-103.397
7.312
74.006
109.196
120.176
117.142
109.177
97.263
66.787
40.893
-5.284
-60.302
-126.778
-181.13
-198.935
-175.184
-140.867
-70.166
0.245
25.442
9.992
-0.619
6.142
13.624
23.238
32.994
39.767
49.24
64.843
71.673
78.433
79.481
81.521
81.596
76.079
63.349
48.576
34.633
2.71
-24.69
-21.394
3.424
47.938
85.174
130.842
152.128
161.558
166.634
167.61
170.679
164.859
169.976
172.958
169.132
171.164
171.152
170.121
181.043
184.05
171.078
161.59
149.174
141.966
133.933
125.845
122.856
111.384
90.292
57.423
27.605
1.708
-24.383
-38.782
-33.583
-17.009
-2.64
10.813
24.191
41.749
64.229
78.851
85.306
2.205
-47.091
38.734
102.362
119.948
123.902
115.061
102.274
94.339
66.492
29.942
-33.14
-122.235
-185.729
-207.639
-202.85
-165.04
-88.382
-17.039
14.979
16.665
-5.839
-1.004
9.638
20.041
34.528
44.262
54.957
62.753
69.597
79.282
89.093
95.066
96.254
97.323
84.981
72.241
48.784
33.75
-6.27
-21.678
-6.777
31.147
58.218
105.923
141.871
152.748
154.18
152.162
146.441
149.531
150.568
151.764
154.729
150.695
151.686
153.452
165.61
161.822
152.622
145.32
140.913
139.409
136.169
130.963
125.889
116.25
95.867
70.557
34.818
21.505
-0.39
-9.706
-13.242
1.456
20.975
38.341
45.789
64.043
81.466
100.015
118.917
114.071
32.355
-123.831
69.188
121.439
127.405
119.439
105.389
91.523
61.941
21.517
-34.679
-101.5
-160.755
-187.517
-182.564
-144.904
-69.944
-0.452
38.613
41.213
22.674
24.628
36.08
48.731
62.142
69.972
80.48
88.484
93.196
98.171
104.931
98.018
96.167
90.745
75.154
66.218
47.234
8.23
-23.921
-19.783
10.899
42.082
96.624
139.932
153.558
157.924
155.287
149.551
156.413
152.745
151.075
148.975
142.126
143.275
157.253
156.367
141.591
137.981
136.495
132.067
124.784
122.419
121.464
113.576
94.062
71.835
42.735
22.809
1.785
-7.593
-12.042
-6.187
10.42
25.86
42.216
63.586
70.241
88.66
104.381
108.848
-2.077
-118.544
24.098
107.745
126.584
124.577
114.474
98.67
80.973
64.107
23.574
-40.445
-122.797
-184.054
-211.718
-210.548
-189.206
-128.178
-56.612
5.999
27.099
29.276
20.608
26.443
35.071
47.562
55.13
65.755
70.591
80.393
82.307
85.279
89.134
92.177
92.424
86.91
80.119
74.019
66.688
17.105
-14.106
-13.879
5.067
32.412
79.045
121.389
147.991
156.992
157.206
151.633
151.715
156.834
153.157
147.177
140.238
141.271
146.265
150.264
146.34
134.129
129.461
124.704
118.174
115.949
107.802
104.885
98.239
79.987
51.205
22.336
5.232
-18.548
-27.902
-21.659
-7.096
8.505
26.934
36.359
56.713
71.394
83.834
96.673
84.467
-25.831
-61.118
72.505
121.728
128.609
122.782
107.671
92.042
77.135
45.582
-10.516
-82.4
-157.421
-187.899
-189.152
-155.252
-89.213
-26.757
8.246
9.662
-6.687
6.95
17.646
33.154
47.792
57.498
69.116
76.931
78.792
79.556
84.339
82.506
80.578
74.871
59.332
48.699
42.704
23.601
-11.512
-17.116
1.698
21.887
62.75
102.728
131.213
144.253
142.679
140.655
137.952
141.922
142.246
139.356
135.262
139.026
144.107
152.889
156.272
146.44
137.008
135.736
130.315
122.962
117.991
113.839
109.957
100.329
74.986
48.928
26.698
-0.112
-20.194
-30.431
-16.746
0.686
21.109
30.649
52.921
70.382
86.889
96.819
85.479
5.445
-28.33
61.061
109.947
123.777
122.614
110.653
96.794
87.794
64.212
14.843
-50.278
-125.51
-180.867
-197.886
