506.425
508.255
506.2
512.854
519.532
518.288
496.812
465.808
435.069
432.626
445.988
457.115
454.837
441.751
426.69
425.73
433.452
439.116
448.75
444.881
448.787
448.776
450.684
444.788
450.604
448.668
449.551
442.85
440.93
430.401
426.531
428.291
430.14
436.491
446.743
459.138
462.848
462.758
449.32
454.092
454.278
457.258
456.362
457.296
453.526
455.411
454.543
451.639
449.648
447.668
443.915
452.836
455.718
465.264
462.077
462.947
465.758
470.529
465.577
464.584
463.611
468.477
474.29
475.268
473.478
475.536
471.747
475.621
481.483
482.358
488.085
492.88
493.754
494.77
489.963
482.426
477.968
525.837
544.07
524.883
505.578
502.785
500.806
506.536
511.28
513.117
523.521
524.355
520.331
494.189
461.462
441.49
441.093
445.454
448.001
436.89
418.876
414.116
418.037
427.67
427.528
435.196
439.06
444.833
447.607
443.735
445.667
445.636
446.634
442.806
438.007
430.423
422.674
416.816
420.56
426.057
433.331
440.796
449.251
451.983
450.115
444.227
445.112
443.461
442.581
440.648
438.776
439.759
437.929
436.02
432.188
434.156
429.319
426.395
426.477
435.209
443.783
448.308
449.933
451.701
456.436
455.347
454.354
454.459
462.356
469.259
476.216
481.247
467.831
474.701
480.64
481.598
489.211
488.153
491.894
493.822
493.836
489.962
484.426
505.086
564.363
546.086
520.074
506.551
500.774
505.582
510.371
510.315
515.887
520.528
516.392
486.31
449.561
425.634
426.988
426.764
440.952
436.588
416.636
404.382
403.391
410.137
419.761
428.313
431.146
435
430.15
434.977
434.016
434.949
434.972
435.023
431.25
422.592
415.012
412.09
404.343
407.07
417.274
425.636
434.988
436.859
440.613
438.628
434.691
433.786
433.018
436.855
434.015
432.153
428.314
428.41
428.426
427.403
422.577
421.529
419.791
432.406
439.956
438.784
444.363
442.199
443.995
444.82
446.668
446.721
458.368
469.994
471.124
477.076
478.284
478.478
478.639
479.631
481.563
484.374
488.083
487.956
487.893
484.995
476.454
470.13
479.372
570.434
520.618
498.618
495.767
491.832
495.529
495.441
505.94
513.493
508.414
491.787
460.016
440.934
438.494
447.868
445.738
433.686
416.728
403.48
401.55
407.35
416.9
418.817
427.405
428.381
426.348
428.367
428.293
430.268
430.236
429.234
421.547
417.871
408.217
409.117
409.891
416.246
425.509
429.05
436.541
437.486
431.638
425.998
425.015
420.385
422.445
422.497
419.611
418.747
415.005
411.074
410.1
408.243
410.313
414.219
425.757
426.425
432.001
437.57
435.441
438.159
440.101
441.999
451.667
458.528
463.44
467.555
467.75
468.884
471.005
475.837
481.642
481.565
491.127
491.082
491.971
489.017
480.365
472.88
467.656
553.756
538.896
507.303
499.7
498.71
503.392
504.277
507.12
509.899
517.405
504.588
476.4
436.876
414.927
408.673
410.976
417.427
416.059
407.852
398.451
388.885
393.768
399.558
405.289
411.967
411.863
413.747
411.795
416.645
414.696
417.615
415.66
411.845
407.12
400.505
396.657
397.516
402.131
407.587
417.801
427.138
432.686
433.66
429.7
422.133
414.51
413.639
412.765
409.024
407.126
406.264
401.531
398.578
395.632
399.522
400.539
404.446
414.102
420.649
425.147
428.64
430.279
428.226
430.011
431.949
434.93
444.722
456.537
458.65
466.584
463.956
466.066
471.068
478.766
483.592
484.508
485.328
489.132
492.049
486.141
485.241
480.62
494.145
527.053
523.687
502.61
498.766
496.846
503.405
505.332
507.148
513.773
513.569
493.962
461.16
439.261
428.936
425.809
431.351
421.143
400.249
392.71
395.716
399.57
404.384
406.271
409.169
410.112
408.138
412.007
414.866
413.807
416.664
416.716
412.86
407.127
401.362
395.608
395.547
401.102
411.316
416.798
421.322
427.953
427.897
423.048
418.295
420.381
420.547
412.784
413.848
414.843
406.287
401.472
402.355
398.428
399.482
397.548
410.311
419.944
420.627
425.33
426.06
430.665
430.625
434.382
434.392
439.283
446.062
455.855
461.749
459.076
461.19
468.173
473.981
477.788
483.555
487.325
490.147
488.167
488.13
483.372
484.501
498.03
527.306
526.704
508.379
502.652
498.705
501.496
504.31
505.182
508.979
513.562
504.556
473.594
439.888
428.531
