487.122
488.018
487.007
488.912
486
482.942
479.077
469.224
449.636
427.297
422.185
418.342
429.209
438.223
434.571
413.473
397.857
385.282
385.052
389.716
388.705
389.665
386.735
384.776
381.894
380.877
376.117
380.929
377.055
370.19
369.248
363.308
359.547
356.707
367.378
391.667
421.701
459.428
466.995
444.617
409.628
390.266
405.641
423.01
451.364
465.077
475.797
486.566
494.336
495.292
498.258
505.334
380.464
446.148
482.516
482.753
481.923
479.957
477.092
480.085
480.048
480.134
478.256
479.191
485.007
485.813
488.675
478.139
476.512
464.13
466.128
470.905
472.778
475.701
482.441
484.264
479.379
482.187
472.419
460.909
535.937
514.079
504.251
505.269
502.389
505.262
503.303
503.204
498.31
488.463
475.69
456.068
438.474
435.571
447.435
452.653
432.584
411.304
389.077
378.378
382.23
385.94
385.886
386.887
387.788
384.878
383.955
381.071
380.006
377.134
372.302
370.374
368.502
362.738
358.863
360.838
392.72
414.016
452.756
463.298
445.666
422.401
419.356
427.064
444.576
461.116
469.876
475.807
487.507
489.502
492.514
497.393
499.437
499.842
444.816
440.323
468.477
467.568
472.541
475.495
476.436
474.569
471.788
469.829
470.876
469.845
474.546
473.485
475.448
467.899
462.214
457.54
452.778
453.659
459.448
462.222
462.213
466.982
462.119
464.976
458.076
447.456
509.012
513.449
489.025
486.923
489.845
487.826
487.861
488.725
486.79
481.829
471.926
450.412
434.774
427.028
429.108
435.997
429.514
412.305
393.971
382.186
383.088
385.887
382.982
384.769
382.829
381.789
380.889
380.879
378.931
375.091
369.193
366.356
363.511
358.724
360.692
361.685
372.322
405.311
441.113
455.514
443.717
434.917
417.447
422.244
433.788
452.354
463.138
475.759
476.788
486.577
486.658
486.766
492.693
493.178
420.73
421.892
461.439
468.521
466.637
469.595
463.725
466.672
464.779
465.808
467.82
468.722
468.687
473.431
472.428
470.482
465.84
455.31
453.565
453.576
458.311
460.185
464.037
461.116
464.922
461.958
459.94
454.008
437.787
521.654
499.643
486.912
483.875
481.01
481.026
480.897
480.892
475.9
463.121
445.476
426.986
415.348
415.485
417.749
416.089
402.705
388.139
383.342
375.327
380.075
382.011
380.947
379.864
377.009
375.935
376.038
370.178
375.045
367.285
363.487
364.459
357.695
355.879
360.726
376.156
409.109
433.268
443.882
437.957
421.391
406.774
411.525
431.835
441.598
451.336
457.236
466.016
473.945
476.887
476.969
481.902
482.144
442.832
418.224
454.729
457.861
461.786
456.106
462.906
461.029
460.061
456.252
457.299
460.209
458.227
466.805
466.691
463.868
461.067
454.459
450.714
447.853
447.788
454.506
454.512
452.513
449.528
453.294
445.431
423.173
512.442
503.618
479.192
479.185
477.246
482.113
483.939
481.913
476.114
469.174
456.496
443.652
420.246
410.444
407.695
418.563
420.753
417.069
400.723
393.812
386.087
390.764
391.628
386.746
390.564
381.779
381.811
382.792
379.891
375.982
375.033
371.108
367.386
366.429
365.435
368.37
373.226
397.446
426.511
442.857
436.936
423.339
411.53
410.515
424.871
442.376
454.121
465.866
473.605
476.655
486.434
485.512
483.679
487.67
488.06
398.299
413.217
466.998
465.425
467.536
466.655
465.684
463.829
462.896
460.055
465.848
467.781
466.752
466.633
469.519
473.452
468.676
467.757
465.941
472.72
475.541
476.55
478.405
477.404
474.449
475.304
453.879
485.684
542.633
506.188
496.464
496.448
495.374
500.184
495.33
490.439
481.515
463.829
434.586
408.516
403.751
402.969
410.066
409.299
401.579
390.048
384.155
385.862
385.84
385.711
386.661
383.725
381.764
379.781
375.936
374.975
372.125
372.119
368.22
361.491
356.751
355.788
361.678
380.049
405.174
426.499
436.092
430.234
421.456
409.77
409.71
427.124
453.313
467.884
474.679
484.418
486.392
489.432
498.219
504.037
503.589
446.078
423.474
471.939
484.816
479.015
478.161
479.166
478.256
474.351
471.563
468.651
470.636
472.496
478.203
478.195
476.273
473.413
466.819
465.008
471.705
473.69
473.631
472.705
475.553
474.51
470.527
460.739
441.19
494.889
521.945
497.479
490.618
485.759
491.556
490.497
482.643
469.8
446.319
423.934
