186.455
178.741
175.668
174.522
177.924
169.352
179.93
175.478
162.431
160.488
134.918
134.255
147.087
161.562
163.617
163.43
139.957
132.801
106.825
91.122
88.934
88.878
85.938
83.049
84.1
78.33
84.302
78.826
75.228
63.706
64.818
48.494
56.547
61.524
65.425
84.258
99.934
124.034
133.906
143.916
142.908
147.876
136.463
126.514
147.261
153.412
152.502
158.236
155.96
151.46
158.263
198.221
352.215
55.541
117.724
136.731
147.725
143.887
145.973
153.919
150.036
157.026
163.717
161.655
165.336
151.473
146.712
152.908
177.851
191.924
197.833
194.666
191.448
196.957
195.836
185.089
179.303
170.507
160.705
164.194
223.755
170.495
153.961
160.615
164.319
164.952
166.465
163.747
166.677
162.29
150.603
131.062
115.963
109.764
122.002
140.668
142.842
132.106
123.324
114.741
115.491
99.909
95.874
99.724
92.053
91.075
94.129
94.273
82.765
84.786
83.034
82.196
87.182
89.283
86.548
91.357
93.89
105.662
132.857
147.848
146.471
155.479
147.037
143.293
147.044
149.858
149.576
156.126
158.871
157.704
165.822
164.51
173.504
218.768
310.517
142.033
159.977
165.814
178.612
182.653
179.771
184.801
195.625
191.852
198.787
192.003
178.415
170.466
174.282
192.761
203.535
216.497
224.217
216.351
217.142
206.253
206.167
199.396
197.343
190.769
176.269
171.98
236.5
205.415
180.886
164.298
168.922
164.567
171.945
166.561
171.828
170.595
159.498
145.634
133.401
127.975
132.913
134.1
144.735
146.528
137.114
113.312
106.525
96.759
96.709
82.985
82.038
74.283
80.207
77.467
74.686
74.929
63.416
67.53
70.695
73.776
75.866
78.766
82.344
105.599
127.135
138.539
140.152
141.815
146.392
145.166
134.967
146.602
154.235
153.02
155.381
160.976
162.637
168.959
179.867
233.826
313.885
132.577
133.589
163.04
166.15
170.234
161.634
165.61
168.633
174.511
182.318
175.532
173.439
165.547
162.56
161.549
180.099
189.876
208.412
211.152
204.058
199.093
198.958
197.873
191.136
184.355
173.851
160.245
173.698
250.452
182.522
164.19
150.548
157.92
162.473
155.073
162.948
158.78
151.43
136.719
130.219
125.424
131.141
149.282
158.95
156.833
137.684
136.255
105.371
96.637
97.541
88.686
77.004
80.946
69.351
78.261
70.632
71.844
67.173
72.227
71.395
69.646
80.458
81.476
82.921
104.062
122.529
133.808
143.159
147.141
145.986
139.928
135.66
137.48
139.947
143.563
145.223
157.682
156.33
160.645
168.653
196.506
324.113
156.487
142.045
163.648
166.858
178.559
179.769
184.712
183.818
188.764
195.699
196.676
191.803
180.971
171.953
182.367
193.881
208.594
220.315
223.328
218.301
213.448
215.261
208.467
198.838
188.197
173.731
165.531
294.414
196.777
168.71
166.876
167.699
174.197
167.01
162.59
170.516
164.431
163.338
147.445
134.856
121.213
128.822
138.138
151.166
152.034
146.674
124.148
121.57
105.997
95.327
91.331
86.472
76.829
78.9
78.155
76.379
70.688
70.851
63.241
76.062
75.276
71.49
74.475
79.98
94.628
116.443
127.089
134.714
145.521
136.454
135.107
118.787
122.473
128.282
135.86
130.649
140.019
147.276
145.951
152.188
162.194
208.191
306.656
132.794
111.036
147.953
163.743
170.724
168.923
175.83
178.798
184.638
183.702
183.699
177.822
166.991
165.984
171.027
174.216
175.544
187.24
191.772
185.738
191.422
184.515
180.665
173.97
162.329
144.042
219.381
223.087
158.403
151.663
152.397
145.203
148.508
154.459
155.663
145.568
129.584
114.868
122.143
124.556
136.887
155.917
158.711
143.857
139.213
123.342
100.038
98.075
86.274
85.226
81.357
77.563
71.805
71.12
71.175
73.412
70.715
64.227
66.34
73.39
73.424
82.219
88.46
99.882
123.369
135.006
149.405
152.168
154.839
150.739
147.392
148.294
147.249
144.014
146.481
144.234
151.749
154.358
154.544
214.987
354.734
93.114
118.246
145.897
144.115
153.124
155.247
160.2
155.416
165.29
163.407
169.186
164.092
157.05
158.733
162.36
166.259
182.87
191.956
185.139
192.688
189.473
193.39
186.73
178.954
166.381
154.637
128.753
270.9
190.268
157.412
149.449
150.956
158.866
155.34
154.164
140.04
124.086
117.31
