65.581
67.373
60.438
51.59
31.066
-4.435
-51.28
-117.104
-172.352
-206.765
-220.092
-204.424
-155.083
-74.329
20.833
110.025
152.62
185.777
195.987
185.842
175.004
172.063
171.991
173.885
178.805
181.617
190.565
204.183
218.805
227.361
234.248
244.661
259.541
266.51
262.697
225.901
175.318
63.156
-65.075
-173.754
-248.38
-278.711
-275.01
-249.697
-201.124
-148.003
-105.832
-70.378
-44.915
-29.322
-30.146
-69.451
105.32
42.975
30.703
56.622
71.575
74.427
82.313
89.36
89.274
98.255
94.477
88.549
76.875
63.821
66.663
88.353
120.284
148.029
151.106
137.317
122.54
106.977
97.16
93.003
96.787
92.675
92.437
123.871
107.699
78.032
80.586
73.871
67.083
50.432
31.829
-3.536
-44.669
-107.549
-148.043
-189.706
-206.749
-178.454
-112.453
-15.923
91.956
142.667
194.401
205.956
194.212
189.952
182.997
181.124
184.878
185.831
192.761
200.604
207.211
212.153
222.891
229.733
236.704
246.545
256.283
253.452
222.194
174.448
70.203
-47.122
-146.236
-211.79
-241.404
-238.528
-208.008
-175.549
-148.078
-117.519
-86.053
-51.751
-36.855
-10.396
0.595
-15.07
78.052
95.877
61.031
62.139
68.318
74.298
75.216
84.15
92.23
98.026
104.066
104.894
102.641
94.617
90.783
96.081
103.172
121.102
121.263
116.187
105.43
94.407
90.482
89.361
86.364
95.05
100.597
130.88
125.577
77.825
76.248
72.934
61.275
40.58
23.092
-1.543
-25.946
-79.92
-139.027
-186.452
-206.37
-184.932
-137.746
-86.711
2.752
91.995
157.452
183.377
183.228
179.094
178.107
170.941
172.877
173.684
178.717
186.501
193.3
206.046
214.604
226.457
239.27
249.135
255.069
254.155
235.624
175.409
79.858
-25.77
-123.826
-176.763
-225.731
-239.478
-223.008
-187.407
-153.873
-126.414
-107.727
-78.163
-46.744
-24.049
-15.949
-33.383
109.457
115.242
55.527
67.964
77.835
85.778
94.4
97.437
103.384
105.478
106.636
106.487
99.576
91.566
88.555
87.548
94.815
102.855
108.166
100.381
84.543
78.553
70.713
66.76
67.599
69.404
77.992
79.639
125.014
92.571
57.674
68.028
66.738
50.224
36.596
8.973
-30.078
-85.099
-149.032
-192.544
-215.283
-207.569
-168.215
-94.258
-6.768
79.455
141.762
167.217
178.283
176.138
172.239
167.137
165.895
169.899
172.581
180.624
189.269
198.132
209.78
220.671
226.539
238.254
245.354
245.387
216.032
147.924
50.319
-15.113
-116.906
-193.344
-239.492
-252.365
-234.765
-200.381
-180.692
-151.18
-123.666
-90.03
-64.557
-44.848
-35.834
-48.944
-8.929
101.055
45.894
56.187
68.034
73.185
81.072
86.081
89.982
95.967
102.007
101.055
100.942
89.933
76.984
66.422
61.768
71.887
77.043
82.988
75.031
71.995
66.151
66.977
71.66
71.432
78.94
113.034
110.199
42.309
56.344
61.207
55.337
39.801
21.013
-2.626
-36.785
-89.891
-134.071
-189.368
-222.059
-220.421
-182.012
-116.078
-54.003
31.326
103.742
141.473
160.032
155.774
155.539
152.498
150.437
157.069
162.999
172.791
181.571
189.282
197.129
205.778
216.842
225.648
230.466
232.499
215.96
165.342
85.473
-11.341
-103.367
-179.647
-233.81
-250.513
-248.884
-221.306
-182.907
-152.313
-127.896
-100.223
-83.37
-54.963
-35.215
-23.216
-49.653
55.313
128.957
42.29
45.067
56.209
65.188
72.011
78.044
81.05
83.135
82.146
81.169
79.075
71.97
69.012
75.997
90.767
107.466
110.664
93.127
82.212
75.475
69.442
71.316
77.045
76.788
93.008
151.626
74.356
61.076
67.77
56.999
39.185
10.83
-25.333
-56.698
-114.8
-172.07
-210.704
-221.385
-197.806
-166.152
-98.049
-14.633
63.474
122.187
153.203
151.709
150.684
143.558
139.614
141.483
146.298
150.089
164.775
167.716
182.47
192.217
207.755
218.575
232.451
234.411
234.618
201.453
136.055
47.381
-45.503
-138.359
-185.387
-235.367
-245.264
-228.631
-199.136
-164.805
-138.385
-118.696
-89.322
-57.768
-31.213
-25.313
-56.334
14.312
129.079
59.131
75.463
85.218
98.164
106.059
111.07
115.859
124.898
128.773
125.964
114.087
100.213
88.482
77.772
79.813
88.013
104.883
100.823
90.207
76.406
78.453
83.214
83.039
86.675
86.393
109.313
151.808
47.106
63.977
57.902
40.273
0.254
-27.285
-77.341
-140.444
-193.804
-227.344
