487.876
491.719
489.79
491.769
494.68
492.669
492.775
492.821
484.182
488.137
483.288
480.438
479.565
480.504
482.469
478.599
481.444
479.585
480.505
481.468
483.315
484.268
486.123
488.996
495.663
495.455
498.277
499.24
498.295
498.302
489.55
483.663
477.88
471.968
461.33
450.579
429.229
405.904
379.071
354.389
352.603
359.446
379.83
417.351
471.384
523.636
547.43
538.549
518.289
516.424
519.237
524.91
528.732
528.692
525.763
529.698
525.818
527.726
526.792
525.85
527.713
517.117
516.276
512.397
503.849
495.249
491.47
490.54
510.765
526.106
541.389
526.789
501.551
459.881
419.142
403.672
406.451
426.583
447.839
466.32
479.875
491.47
492.407
496.247
496.274
499.182
500.219
503.121
506.022
502.151
501.335
500.415
498.52
497.603
495.635
494.684
489.894
493.846
490.943
490.022
493.897
492.058
493.981
497.768
496.787
500.6
498.594
505.355
508.169
513.848
510.923
514.776
508.995
511.859
510.853
499.06
492.347
479.656
478.611
453.426
436.928
406.97
377.399
365.042
364.209
375.892
408.624
461.808
519.86
541.25
530.792
514.374
506.656
517.201
520.938
525.698
519.811
523.677
519.849
523.724
521.779
519.813
520.888
519.826
517.01
517.129
515.223
511.437
506.777
498.144
492.536
468.422
470.293
478.924
511.769
534.759
546.158
536.391
509.184
476.335
448.236
436.6
441.297
451.866
466.303
481.879
493.424
500.208
503.161
508.007
507.062
506.083
510.967
511.913
508.083
504.243
502.343
505.248
502.383
496.629
496.597
492.723
492.726
492.79
494.705
490.884
490.943
496.769
488.945
492.895
498.606
496.592
504.223
506.072
504.077
502.105
497.285
499.257
492.475
490.481
476.87
459.364
448.697
424.492
392.555
360.939
349.599
349.683
362.304
403.89
455.113
517.002
547.969
532.727
510.599
512.527
519.17
523.904
531.564
532.463
529.504
531.438
529.502
529.501
528.61
529.547
524.709
523.837
525.773
521.95
518.157
512.42
509.641
502.976
495.307
492.426
496.257
516.346
539.464
545.084
527.551
498.561
455.958
416.29
401.737
412.3
432.5
449.938
470.31
483.932
498.352
505.133
502.22
508.022
504.175
508.082
509.005
510.904
506.107
505.229
500.347
501.455
499.61
493.841
492.912
491.952
490.943
491.946
495.782
493.822
495.84
498.713
500.621
499.658
502.476
503.346
508.118
515.725
511.747
512.725
512.62
510.685
502.983
500.977
493.237
485.51
476.751
467.066
448.656
427.291
396.418
373.428
361.989
359.238
381.557
422.356
479.366
526.71
550.059
539.563
523.136
522.156
528.857
536.495
538.291
538.27
538.16
536.284
536.253
543.038
542.032
538.239
540.135
538.216
536.389
537.32
528.751
526.032
516.46
506.832
490.478
496.378
521.378
542.427
540.249
523.72
477.341
428.976
396.143
380.613
381.5
398.871
415.157
438.464
456.002
467.538
477.189
478.143
482.98
482.016
485.89
484.908
487.78
485.861
486.834
482.025
481.087
479.21
469.538
467.662
467.605
472.466
478.289
485.065
488
494.778
494.701
497.552
501.366
503.116
507.875
505.852
506.778
503.834
503.841
496.08
490.339
486.401
481.48
473.741
470.8
456.272
442.647
418.463
395.342
372.547
368.905
368.053
392.232
443.499
497.626
540.19
547.169
529.883
515.483
514.448
517.251
523.11
525.003
525.886
523.03
525.873
524.924
522.989
523.01
518.167
519.159
511.451
507.723
501.037
495.279
490.497
491.543
498.236
517.512
535.685
543.244
528.556
492.69
457.901
437.577
417.143
413.141
430.504
449.814
472.165
481.837
487.563
496.301
495.398
499.204
502.065
498.231
500.174
500.169
504.029
501.207
499.243
495.44
494.457
496.53
492.731
488.846
485.011
485.027
487.953
488.914
489.943
494.71
494.674
495.641
503.324
503.191
505.097
504.952
503.93
503.877
500.017
497.093
491.244
487.308
482.531
482.516
472.763
459.232
450.499
426.329
404.189
377.307
351.564
344.929
350.586
381.694
437.744
495.628
536.263
534.617
514.492
505.779
508.73
517.222
518.141
524.954
523.961
520.087
521.042
520.053
516.188
517.242
513.36
511.518
509.564
499.118
490.562
484.782
492.508
508.861
521.261
532.74
526.825
498.548
463.669
437.542
433.654
430.797
449.154
465.485
482.967
490.742
495.602
497.542
