404.301
387.727
400.27
424.59
461.678
486.461
464.134
410.48
368.96
353.495
356.161
356.173
359.987
364.681
365.536
371.357
372.221
372.258
373.148
373.131
372.152
369.323
369.313
366.584
359.898
353.222
347.697
370.026
411.328
440.072
474.439
472.821
451.095
432.522
426.594
433.547
457.918
480.422
491.192
498.104
503.952
505.979
509.915
512.957
515.959
515.974
514.068
516.108
511.254
516.178
514.298
508.561
506.764
505.85
502.14
496.45
493.555
491.597
497.368
500.04
501.653
498.696
496.705
498.604
501.576
498.724
494.854
498.813
498.804
498.84
495.844
500.583
498.644
496.588
498.502
493.546
493.375
481.517
469.756
456.971
434.491
414.116
392.617
397.406
426.546
461.728
484.492
466.188
434.365
389.26
369.918
371.74
373.549
376.426
382.143
381.121
383.092
383.018
380.114
381.093
378.259
380.269
374.553
368.838
359.348
350.786
350.891
371.217
419.163
468.051
481.947
468.817
442.277
421.868
418.917
419.001
449.116
462.795
475.524
482.409
486.348
491.261
494.276
500.111
497.375
502.244
501.283
503.22
503.248
504.238
503.364
503.396
501.574
497.798
499.746
493.124
489.433
488.582
482.855
479.083
482.962
481.001
482.929
481.992
483.844
480.939
482.771
485.697
489.496
490.384
490.372
489.403
493.201
494.152
494.037
497.8
492.905
496.754
496.616
496.578
495.494
493.373
489.375
482.386
469.465
439.21
427.412
403.039
404.057
431.365
462.702
480.789
476.473
427.782
383.456
367.021
367.833
368.839
369.771
373.518
374.516
372.525
370.597
370.637
372.596
372.602
369.737
364.013
362.136
359.36
352.692
366.281
390.404
431.636
467.966
479.047
464.931
445.242
432.623
427.655
437.41
459.858
476.473
485.336
495.226
500.104
504.099
499.377
502.381
503.44
504.496
505.515
504.519
506.378
504.436
504.516
502.681
501.709
498.93
496.072
495.261
491.488
494.382
494.307
495.285
489.472
490.569
493.434
493.408
495.284
498.225
501.099
500.133
502.96
504.862
505.652
507.644
507.528
509.346
510.265
513.084
504.252
505.992
499.076
490.105
476.439
448.096
424.62
403.142
411.845
437.259
457.226
461.43
431.114
394.751
372.673
361.079
368.782
372.58
381.203
388.845
386.818
390.698
396.415
396.36
396.39
395.415
390.606
393.635
387.94
382.142
374.55
367.859
356.493
366.169
387.104
412.933
438.666
456.728
458.256
451.118
437.388
433.483
452.021
474.485
488.153
502.775
509.57
516.478
521.42
523.404
526.334
526.442
527.465
525.698
527.66
524.8
525.809
516.643
517.298
513.643
510.846
510.927
503.37
497.624
496.647
503.333
508.047
508.785
512.588
514.375
514.356
516.221
518.116
515.122
514.259
520.033
514.187
518.018
516.954
516.879
516.871
518.793
516.711
513.761
510.749
501.857
491.951
475.291
447.96
418.835
401.295
394.543
418.815
442.179
453.295
444.223
415.639
387.848
386.987
391.624
390.627
393.508
395.351
391.427
394.402
393.373
391.495
391.469
389.576
388.646
382.949
377.125
378.206
368.765
365.908
381.218
409.079
441.674
458.809
466.092
450.246
430.735
421.146
433.746
450.267
473.607
490.144
499.967
505.954
514.751
516.726
515.862
520.709
520.72
522.72
520.761
518.849
520.88
520.919
519.069
521.113
513.442
510.706
509.826
505.955
506.085
502.145
504.048
502.993
506.843
506.772
510.585
511.477
512.421
514.38
510.512
513.427
512.415
512.311
512.348
514.151
512.135
514.111
515.849
514.892
515.762
513.721
510.629
498.781
484.961
460.603
437.237
408.998
405.005
426.447
447.115
455.318
432.627
413.589
392.563
380.216
374.487
380.223
389.837
396.594
399.351
406.992
408.896
407.87
406.912
406.02
403.187
402.252
396.466
387.93
376.365
366.889
375.626
388.046
403.18
421.254
438.443
453.644
466.972
468.808
481.277
498.748
508.659
520.491
526.415
529.445
529.511
526.744
524.868
528.744
527.774
528.67
529.621
528.613
522.933
520.176
521.233
515.54
511.844
511.825
513.798
515.665
518.467
519.436
519.413
522.282
521.258
518.363
520.268
518.288
521.2
524.094
524.101
523.037
522.073
524.995
526.91
525.844
521.913
526.667
520.673
515.67
505.751
482.209
452.923
423.779
413.104
412.345
414.508
419.586
417.069
415.502
413.817
409.982
406.94
