188.817
184.195
184.24
187.323
186.553
177.882
186.814
190.784
197.517
206.292
205.253
211.007
220.706
216.918
219.871
218.949
213.152
220.9
216.055
215.137
205.512
203.622
195.831
194.695
186.713
168.871
163.721
164.572
169.18
173.646
174.014
170.528
177.72
172.227
176.568
172.775
173.69
170.68
202.8
251.983
268.361
275.266
276.996
251.582
225.206
204.679
190.589
202.51
192.28
198.216
190.348
181.213
180.798
176.893
172.205
176.385
174.491
170.735
173.681
175.678
167.088
168.301
179.187
175.546
189.312
197.296
204.291
210.798
212.765
214.232
212.507
222.959
227.18
234.909
233.499
237.836
223.474
199.896
188.388
191.286
186.24
180.053
172.727
166.313
166.572
164.896
169.976
168.235
165.609
163.802
176.694
180.655
184.541
191.177
188.202
189.228
194.035
201.905
200.992
204.952
202.401
210.343
208.485
198.922
195.266
188.594
181.736
181.694
174.711
163.872
163.628
162.63
168.96
168.621
170.878
158.445
172.144
168.289
165.778
169.632
172.492
184.843
231.713
255.711
269.316
274.542
253.072
237.495
216.982
197.965
193.46
187.409
190.182
184.957
183.722
184.783
181.296
182.176
186.949
187.03
185.156
181.318
191.165
179.678
187.525
197.471
197.732
203.778
217.755
217.497
230.774
223.31
211.268
211.504
218.406
209.398
204.852
207.39
211.269
228.985
231.818
230.562
214.298
202.255
188.481
189.559
176.727
170.752
168.623
166.987
167.193
163.559
167.576
163.853
166.836
168.848
172.691
173.625
180.113
187.586
185.515
186.318
188.109
194.884
192.076
196.03
201.876
204.781
196.852
203.815
190.647
184.587
174.824
167.853
163.735
161.602
167.876
176.18
177.775
176.311
176.416
176.247
179.423
186.933
195.316
231.424
260.307
269.045
271.346
262.82
244.333
221.786
194.881
194.363
193.564
194.402
185.299
186.123
183.675
180.383
173.645
171.895
169.222
167.453
173.463
167.021
164.32
172.272
170.543
173.591
179.572
185.449
195.41
203.412
209.292
208.594
205.612
191.312
194.969
196.773
206.032
222.794
231.721
240.116
237.817
227.478
208.065
204.07
199.522
197.755
180.291
175.157
171.504
170.655
171.717
173.869
167.299
162.571
166.429
175.2
169.436
184.008
192.77
197.46
202.219
204.928
200.992
204.863
200.176
195.518
200.737
196.083
190.557
190.591
183.651
175.678
171.582
161.582
153.454
157.088
149.041
152.539
160.748
157.407
161.733
167.936
167.355
173.323
177.265
177.166
194.405
222.787
241.034
256.539
259.172
266.451
244.331
216.918
205.191
204.72
194.182
195.813
193.441
190.777
182.425
185.747
175.003
180.831
177.012
175.438
169.776
175.758
171.009
171.141
180.96
175.338
186.257
201.201
204.731
203.321
203.16
215.579
214.358
209.668
206.435
211.647
232.878
243.928
255.624
252.345
243.66
233.732
212.102
209.653
212.778
198.975
189.167
183.761
182.923
182.072
181.269
179.361
175.57
177.471
178.409
181.274
185.946
196.176
200.504
209.849
204.908
206.056
202.768
197.591
196.174
193.651
184.115
179.246
174.343
159.389
154.28
148.134
145.986
143.8
147.381
149.744
159.979
157.525
152.278
156.604
155.325
159.434
158.525
167.114
183.673
228.883
252.168
263.83
258.715
247.694
225.74
199.704
193.836
193.127
194.064
189.006
181.03
192.176
189.153
180.424
183.481
176.778
178.711
178.692
179.77
177.026
177.273
177.5
188.508
195.432
197.576
202.47
212.037
205.177
207.308
201.964
203.831
204.639
214.172
225.656
233.311
224.937
211.307
198.661
187.026
186.445
182.116
166.444
162.43
165.678
158.941
153.295
156.235
156.34
154.528
152.71
160.492
157.56
165.203
164.158
177.834
185.52
185.331
191.788
193.708
195.721
192.149
194.51
183.316
178.57
177.695
172.83
161.87
161.608
148.771
146.475
144.21
149.544
151.069
151.466
149.034
158.372
159.105
154.739
161.77
164.08
173.683
191.265
218.509
258.859
274.197
259.626
269.291
253.398
219.831
192.956
193.951
196.471
192.804
201.225
182.519
182.938
189.563
186.662
183.949
180.313
177.455
177.461
185.345
183.43
191.351
187.621
205.252
216.299
216.48
219.943
221.851
211.467
214.73
222.42
218.263
224.483
229.449
228.355
230.527
220.781
201.352
198.652
193.786
188.763
185.308
