5.633
-3.675
-11.794
-4.115
15.207
55.507
121.946
155.484
150.569
146.146
120.134
122.895
117.993
104.34
94.468
96.445
85.775
88.773
81.879
79.074
78.072
84.905
83.049
99.655
106.579
115.359
147.039
162.963
145.548
128.183
102.093
56.217
26.236
14.536
5.375
23.025
34.717
52.322
58.057
66.515
66.982
72.286
75.603
85.772
92.92
91.301
92.448
101.398
98.546
105.584
109.621
114.613
127.366
130.507
145.204
156.82
156.856
154.852
154.585
137.44
111.483
110.053
104.209
98.597
103.695
107.68
105.873
115.576
114.605
119.351
110.499
102.564
104.271
94.284
96.741
86.748
75.422
57.078
48.465
34.901
19.28
18.521
0.407
-7.054
-3.017
18.336
50.763
88.297
130.823
154.133
148.723
137.976
127.1
126.006
117.303
110.606
114.487
106.741
106.691
107.693
115.367
121.384
130.108
137.948
154.596
167.348
178.912
185.367
152.699
125.953
85.858
47.851
18.039
16.072
12.937
20.791
26.671
34.267
42.89
50.205
53.544
56.956
64.234
62.823
76.71
77.944
77.999
77.155
79.183
80.293
88.223
90.294
100.157
108.943
109.091
122.79
139.429
150.229
156.192
165.021
165.145
162.235
162.189
165.114
155.532
154.598
144.822
147.719
141.803
134.002
133.009
133.863
127.925
126.898
116.996
108.08
103.955
103.799
91.911
90.66
82.495
68.367
61.814
47.336
21.022
2.348
-11.897
-25.379
-22.241
-7.544
16.641
65.526
102.177
146.657
150.56
145.221
129.654
135.316
133.232
119.764
122.708
116.864
116.91
121.699
124.588
124.652
127.623
135.376
139.435
151.187
161.8
171.166
170.798
146.544
122.502
89.369
46.778
23.073
23.425
12.44
17.712
31.262
40.958
50.471
65.84
66.275
74.554
80.893
88.063
93.358
100.379
104.401
101.479
92.847
91.878
98.804
107.674
105.852
116.697
119.733
133.553
143.245
144.072
137.189
140.824
141.565
156.03
153.059
150.168
143.456
145.62
141.851
140.979
133.24
130.303
113.635
121.248
112.209
102.303
100.09
94.919
86.593
72.416
65.683
47.217
41.519
21.764
2.336
-14.7
-19.059
-2.223
43.509
64.366
109.846
135.333
140.294
135.046
128.606
123.552
117.553
109.646
100.824
102.718
94.015
89.959
92.893
91.05
93.03
105.723
115.526
114.65
127.433
133.429
159.422
166.571
141.428
124.79
101.076
79.702
53.81
28.221
17.496
14.481
27.605
42.191
49.679
54.395
51.159
60.459
67.669
69.047
69.334
79.172
83.238
97.156
98.318
101.332
104.384
108.701
120.264
139.902
147.921
153.984
170.629
175.534
174.554
166.745
157.688
137.892
133.766
120.042
118.1
112.164
108.278
100.332
111.002
109.009
105.91
103.812
94.957
88.959
89.758
90.532
77.654
76.288
68.17
55.744
39.34
24.811
8.129
5.106
-4.19
-4.062
-3.006
-2.263
27.916
70.582
99.166
114.642
121.817
100.57
99.395
98.345
88.676
82.835
89.724
82.962
87.884
85.877
89.785
91.89
101.671
98.788
107.816
130.203
135.892
124.737
115.216
101.233
84.64
57.445
35.288
29.145
42.19
44.298
46.054
51.847
54.639
64.075
77.335
81.799
82.207
91.108
88.609
88.717
94.647
90.874
91.955
100.82
102.956
110.79
119.784
125.642
141.298
150.048
149.126
161.812
154.935
151.135
141.482
137.808
129.2
123.413
114.77
112.795
115.683
115.667
117.573
113.615
103.82
109.451
97.647
91.566
96.374
78.659
81.389
74.301
68.867
56.455
39.082
19.576
11.53
1.962
-10.63
-25.058
-17.17
2.25
30.545
65.313
87.475
101.183
113.833
117.142
110.38
106.376
107.175
93.482
84.69
81.775
75.034
75.996
83.753
89.679
91.741
92.742
108.385
110.451
131.629
144.335
134.145
109.852
91.24
80.45
63.838
52.212
46.88
37.165
36.126
53.458
69.796
75.397
83.688
86.967
97.921
100.232
99.449
98.534
89.935
88.024
83.225
94.927
108.62
116.526
126.35
142.947
141.005
144.907
138.993
130.133
130.164
127.294
123.482
117.648
119.453
117.423
112.571
114.455
114.397
115.346
106.491
108.272
112.011
111.836
103.844
100.57
96.303
83.862
75.185
58.651
33.312
12.9
5.304
1.36
15.676
28.445
39.603
64.407
88.163
101.11
97.879
78.024
