-48.122
-39.391
-36.452
-29.514
-21.68
-17.954
-8.93
-4.919
-3.807
-3.604
-4.618
-6.457
-6.244
-2.403
-1.353
2.541
2.418
2.586
2.481
4.424
7.156
9.077
6.947
-1.898
-14.81
-31.878
-46.696
-52.559
-63.246
-80.799
-104.345
-127.971
-151.359
-177.971
-196.53
-231.94
-269.23
-307.592
-335.375
-338.258
-342.801
-340.672
-315.094
-295.966
-239.559
-136.935
-258.799
67.026
140.306
146.318
140.265
119.48
98.885
97.818
106.534
118.403
122.275
127.099
129.124
132.108
137.805
153.5
163.547
176.207
188.262
202.15
213.085
200.479
148.59
76.086
-9.238
-101.219
-162.96
-234.464
-280.673
-297.28
-289.748
-267.674
-226.696
-191.289
-161.953
-139.511
-120.058
-104.502
-92.728
-81.972
-72.05
-64.237
-52.522
-44.725
-31.692
-27.683
-26.62
-33.339
-35.371
-32.408
-32.311
-29.186
-25.29
-21.282
-6.62
2.378
5.283
9.982
20.686
24.469
22.351
17.461
7.505
-2.53
-12.348
-15.304
-33.808
-50.481
-79.853
-110.554
-146.549
-183.926
-209.481
-243.772
-282.97
-325.908
-343.563
-349.921
-348.64
-336.731
-312.622
-250.093
-149.418
-8.58
100.151
141.17
138.273
116.605
58.727
16.592
-7.034
-12.89
-14.754
-12.782
-8.905
-6.053
0.052
7.64
12.712
23.72
36.47
48.364
68.278
104.539
137.183
205.613
230.847
193.605
139.891
73.055
-6.456
-63.298
-139.761
-202.199
-237.499
-245.397
-236.922
-215.593
-186.448
-144.223
-115.064
-80.859
-46.577
-34.835
-25.026
-13.341
-9.318
-2.534
2.427
7.367
6.468
3.552
-9.058
-19.692
-25.622
-31.496
-38.321
-39.151
-35.287
-30.304
-29.193
-32.058
-36.174
-30.127
-13.736
-23.681
-29.766
-38.742
-48.645
-56.541
-77.987
-98.392
-111.12
-132.731
-166.1
-210.27
-237.681
-282.676
-328.648
-349.488
-354.754
-354.56
-343.695
-308.493
-245.053
-150.298
-19.422
96.253
157.97
151.128
131.327
78.399
51.883
34.16
37.927
45.738
57.442
65.248
74.206
89.755
101.453
110.454
119.245
127.15
136.101
141.123
154.086
167.979
173.978
187.685
182.724
141.261
76.667
-20.366
-121.206
-184.638
-245.331
-287.396
-297.285
-286.705
-251.789
-220.46
-171.485
-125.404
-87.516
-59.176
-47.495
-44.56
-38.661
-30.759
-21.097
-16.294
-15.238
-13.084
-8.319
-7.993
-5.841
-10.653
-14.472
-23.239
-25.29
-26.183
-20.395
-10.696
5.115
12.863
25.493
27.453
19.46
9.478
-2.371
-19.248
-34.147
-45.832
-58.759
-75.357
-95.785
-114.496
-135.01
-158.425
-181.011
-214.242
-247.535
-286.809
-327.679
-350.634
-354.175
-353.837
-332.157
-283.857
-211.659
-111.16
7.289
78.845
136.436
122.741
100.147
63.819
36.179
10.756
7.575
8.681
11.538
25.247
32.964
41.915
45.736
52.6
58.698
67.401
82.335
101.294
133.714
162.101
206.193
194.713
128.054
37.773
-64.292
-128.935
-202.111
-251.981
-279.249
-289.161
-287.391
-261.097
-237.026
-182.114
-135.917
-106.779
-71.673
-53.158
-49.244
-43.381
-37.507
-35.59
-32.726
-33.668
-35.607
-35.553
-43.297
-62.687
-82.224
-97.712
-101.744
-95.824
-71.368
-44.991
-22.461
-7.793
-0.16
-2.223
-6.246
-25.207
-39.04
-52.91
-62.762
-72.624
-86.273
-107.812
-125.249
-146.886
-162.703
-183.217
-196.001
-223.399
-258.751
-298.819
-329.881
-337.752
-336.262
-335.024
-313.512
-263.635
-182.613
-61.499
65.871
129.562
178.585
169.645
158.687
133.449
127.502
127.31
135.217
138.016
138.057
138.053
142.98
152.716
163.511
177.229
194.136
203.102
214.905
218.926
212.276
206.254
162.212
87.602
-7.465
-96.718
-176.996
-213.099
-253.179
-272.041
-272.352
-237.292
-201.225
-149.216
-129.678
-94.71
-60.458
-44.697
-43.858
-37.113
-34.114
-30.184
-24.341
-20.45
-18.322
-18.391
-22.152
-25.12
-21.87
-23.668
-30.546
-44.14
-45.078
-43.065
-29.413
-10.726
7.668
12.466
16.371
12.357
-0.636
-13.386
-23.478
-39.221
-53.982
-74.465
-92.09
-115.629
-136.285
-150.798
-161.569
-179.338
-206.669
-230.172
-268.256
-297.332
-326.204
-333.208
-338.765
-342.019
-313.3
-266.462
-185.691
-57.735
76.634
156.081
169.711
154.214
138.126
112.64
102.014
102.928
113.647
124.355
127.232
129.185
134.266
137.157
145.174
152.933
165.07
185.891
196.67
174.208
121.329
84.84
7.465
-81.617
-170.029
-224.881
-252.285
-256.24
-244.43
-210.284
-174.396
-128.328
-88.213
-53.991
-35.431
